2116,2962
Befreit 157,207,388,77
von 568,246,107,34
Magen- 704,230,229,60
und 254,307,112,48
Darmbeschwerden 396,303,595,52
<EOS>
<EOP>
NEU 239,1895,171,85
Zellerbalsam 201,2012,243,45
TABLETTEN 181,2078,276,45
speziell 216,2151,111,27
gegen 342,2156,90,22
Magenbrennen 185,2180,218,27
und 419,2179,50,22
saures 192,2215,97,17
Aufstossen 299,2209,163,22
<EOS>
<EOP>
Flachdose 251,2239,152,21
à 196,2267,17,22
40 220,2267,36,22
Tabl. 266,2267,69,22
<EOS>
Fr. 347,2267,37,22
<EOS>
2.85 395,2267,61,22
<EOS>
In 230,2297,22,21
Apotheken 267,2295,160,27
und 221,2326,50,22
Drogerien 287,2326,145,26
<EOS>
<EOP>
Viele 569,389,72,22
Menschen 651,388,144,21
sind 807,386,57,22
nur 874,391,43,16
des- 925,386,59,20
halb 571,425,56,22
schlecht 638,425,121,21
gelaunt 770,425,103,25
und 885,424,47,20
un- 947,428,39,15
erträglich, 572,461,145,28
weil 736,461,55,22
nervöse 808,460,112,22
und 936,459,48,21
andere 571,500,100,21
Einflüsse 682,498,127,22
die 823,497,42,21
Verdau- 875,497,111,20
ung 572,542,48,20
stören 638,535,90,21
und 753,535,48,20
Schmerzen 825,533,159,22
verursachen; 572,572,187,25
sie 781,572,40,20
leiden 844,570,86,21
an 955,575,31,15
Magenbrennen, 572,609,222,26
Blähungen, 829,607,157,25
Aufstossen, 573,645,168,25
Magenkrämpfen, 749,643,238,28
Uebelkeit 574,681,136,22
und 736,682,47,20
Magendruck. 804,679,182,28
<EOS>
Herr 576,734,62,20
Direktor 669,732,116,22
Zuberbühler 816,731,174,22
hielt 574,770,61,21
es 650,775,31,16
an 698,775,30,15
seiner 748,769,89,22
wichtigen 850,768,137,26
Verbandssitzung 574,807,239,24
nicht 832,805,69,21
mehr 919,804,71,22
aus. 574,849,55,15
<EOS>
Nach 642,843,70,21
dem 727,843,58,21
Essen 798,842,83,22
bekam 897,842,91,21
er 576,886,28,15
Magenkrämpfe 614,879,210,27
und 838,878,48,22
litt 902,878,35,21
un- 948,884,42,15
erträgliche 576,916,156,26
Qualen. 743,916,108,21
<EOS>
Doch 864,915,69,21
der 945,915,46,21
Hotelbesitzer 577,953,195,22
wusste 785,953,99,21
Rat. 896,953,51,21
<EOS>
Er 963,952,28,21
brachte 577,990,109,21
Zellerbalsam 704,989,182,22
— 901,1000,26,3
und 941,988,49,21
der 577,1027,46,20
befreite 641,1025,113,22
ihn 778,1025,38,21
sofort 841,1024,84,22
von 941,1030,48,16
seinen 577,1063,93,21
Schmerzen. 694,1063,169,21
<EOS>
Er 890,1063,29,20
war 941,1067,51,16
ein 577,1100,40,21
ganz 628,1105,64,20
an 700,1105,30,15
derer 736,1100,76,20
Mensch 819,1099,107,21
; 936,1105,3,19
be- 950,1099,42,20
geistert 577,1136,113,26
trug 703,1137,54,25
er 776,1140,28,17
seinen 821,1135,93,22
Rap- 930,1135,62,26
port 578,1173,57,25
den 657,1173,50,21
Anwesenden 732,1172,184,22
vor. 940,1177,51,16
<EOS>
Ein 579,1224,40,21
paar 652,1229,61,20
Tropfen 740,1223,109,26
auf 881,1223,43,21
ein 952,1223,39,21
Stück 578,1260,79,21
Zucker 671,1260,99,21
oder 787,1260,65,21
in 870,1260,20,20
etwas 910,1262,83,19
Flüssigkeit... 579,1296,194,26
<EOS>
und 783,1296,48,21
das 848,1296,49,21
Wohl- 910,1296,82,21
befinden 580,1333,123,21
kehrt 715,1333,72,21
sofort 798,1333,83,21
zurück. 893,1333,100,21
<EOS>
Zellerbalsam 575,1388,180,22
isteinaltbewähr- 765,1389,228,21
tes, 576,1429,48,21
überaus 638,1428,111,21
heilkräftiges 764,1428,172,27
Na- 950,1429,43,21
turprodukt. 575,1468,155,26
<EOS>
Die 749,1469,42,20
darin 811,1469,70,21
enthal- 899,1470,93,20
tenen 574,1510,76,19
balsamischen, 671,1509,196,24
bitteren 886,1510,106,21
und 576,1548,47,21
aromatischen 649,1549,189,22
Pflanzen- 864,1549,129,22
Wirkstoffe 574,1588,136,22
regeln 728,1590,87,25
die 834,1590,38,20
Verdau- 886,1590,106,21
ung, 576,1635,55,19
beheben 644,1629,115,21
Schmerzen 773,1629,157,22
und 944,1631,47,20
Beschwerden 575,1669,187,22
— 778,1681,26,3
bessern 820,1670,111,22
das 946,1671,47,21
Allgemeinbefinden. 574,1709,264,26
<EOS>
Flaschen 575,1775,112,22
à 701,1776,11,21
Fr. 728,1775,31,21
<EOS>
1.—, 770,1778,45,20
<EOS>
2.10. 827,1777,56,21
<EOS>
4.— 897,1778,41,19
<EOS>
und 950,1778,41,19
7.50 575,1816,49,20
<EOS>
in 638,1817,17,18
Apotheken 667,1815,129,26
und 812,1816,41,20
Drogerien 867,1816,124,26
<EOS>
<EOP>
ZELLER 599,1966,326,85
BALSAM 584,2103,368,86
<EOS>
<EOP>
MAX 219,2385,68,20
ZELLER 312,2385,131,20
SOHNE 461,2385,117,20
AG. 600,2385,55,20
<EOS>
ROMANSHORN 678,2384,241,21
HERSTELLER 219,2424,187,16
PHARMA 428,2424,123,15
Z 560,2424,12,15
PRÄPARATE 598,2420,172,20
SEIT 790,2422,63,17
1864 871,2423,50,16
<EOS>
<EOP>
Wer 1143,309,53,22
viel 1205,309,43,21
zu 1259,316,27,14
rechnen 1299,309,105,21
hat, 1416,309,45,24
schätzt 1472,308,93,22
eine 1576,310,53,20
schnelle, 1639,308,114,25
zuverlässige 1143,346,165,27
Rechenmaschine. 1322,345,234,22
<EOS>
Das 1574,345,49,22
reichhal- 1637,345,117,22
tige 1142,384,48,26
Produktionsprogramm 1206,383,304,27
der 1525,383,42,21
<EOS>
<EOP>
ermöglicht 1143,604,146,27
es 1300,610,27,15
Ihnen, 1338,604,78,23
das 1427,604,44,21
für 1482,603,38,22
Ihren 1531,603,66,21
Betrieb 1610,603,95,21
am 1716,610,38,14
besten 1144,640,83,22
geeignete 1243,642,126,25
Modell 1385,640,86,21
auszuwählen. 1486,639,178,22
<EOS>
<EOP>
Addiermaschinen 1143,737,356,28
Handbetrieb 1145,787,162,22
oder 1331,787,59,22
elektrisch, 1413,787,135,24
Zehntastensy- 1571,787,185,26
stem, 1143,826,69,22
schreibend, 1221,824,153,25
mit 1385,826,42,19
zwei 1436,826,56,19
Sichtkontrollen,für 1501,823,257,25
Addition, 1143,861,116,25
Subtraktion 1279,861,154,22
und 1457,860,46,22
Saldierung 1525,860,145,26
auch 1694,859,61,22
unter 1145,900,68,19
Null. 1226,898,58,21
<EOS>
Auf 1296,897,45,22
Wunsch 1351,897,104,22
mit 1470,898,41,21
33 1522,898,33,20
cm-Springwa- 1566,897,190,27
gen 1144,941,45,21
erhältlich. 1204,935,133,21
<EOS>
<EOP>
Rechenmaschinen 1144,1289,370,27
Handbetrieb 1144,1338,162,22
oder 1320,1338,59,21
elektrisch, 1389,1337,133,24
nichtschreibend, 1535,1337,218,24
für 1141,1375,39,21
alle 1191,1375,45,21
vier 1246,1376,50,20
Rechenarten. 1306,1374,175,22
<EOS>
Klar 1497,1374,54,21
und 1564,1374,45,21
Übersicht- 1621,1373,133,22
lieh 1144,1411,44,22
liegt 1204,1411,56,27
das 1273,1411,44,22
Tastenfeld 1328,1411,136,22
vor 1477,1417,41,16
Ihnen, 1532,1411,78,21
Halbauto- 1626,1410,128,22
matische 1144,1449,118,21
Modelle 1283,1448,102,21
mit 1405,1449,42,19
selbsttätiger 1465,1447,166,27
Division 1649,1447,104,21
und 1144,1486,45,20
RückÜbertragung. 1205,1484,239,27
<EOS>
<EOP>
Neuer 1143,1825,120,26
Voilautomat 1277,1824,237,26
für 1141,1874,39,21
alle 1194,1874,45,21
vier 1252,1875,50,19
Grundrechnungsarten, 1316,1873,304,26
mit 1636,1874,42,19
auto- 1689,1874,66,19
m 1144,1917,20,14
atischer 1170,1909,107,22
Multiplikation 1285,1910,181,26
und 1477,1909,46,21
Division, 1534,1909,112,24
elektro- 1656,1908,99,22
motorischerZählwerksbewegung 1144,1946,440,27
nach 1597,1946,61,21
beiden 1670,1946,83,21
Seiten. 1141,1983,90,22
<EOS>
RückÜbertragung, 1244,1983,239,27
automat. 1495,1985,115,19
<EOS>
Löschung. 1621,1982,133,26
<EOS>
<EOP>
Die 1144,2086,41,21
Rheinmetall-Modelle 1201,2085,296,22
zeichnen 1511,2085,117,22
sich 1643,2085,51,22
aus 1711,2091,45,15
durch 1142,2123,76,21
Solidität, 1232,2122,118,24
hohe 1363,2122,61,21
Arbeitsgeschwindigkeit, 1438,2122,317,27
moderne 1144,2159,116,21
Form 1275,2159,70,21
und 1361,2159,46,21
vorteilhaften 1422,2158,166,22
Preis. 1604,2158,74,21
<EOS>
<EOP>
Verlangen 1142,2276,133,26
Sie 1297,2276,41,21
Spezialprospekte 1359,2275,228,27
und 1610,2276,44,20
Preis- 1678,2275,77,21
liste 1144,2313,51,20
von 1205,2319,43,14
der 1260,2312,43,21
Rheinmetall-Generalvertretung: 1311,2311,442,27
<EOS>
<EOP>
W.Häusler-Zepf 1143,2427,384,42
<EOS>
AG. 1536,2427,83,34
<EOS>
Ölten 1636,2427,117,34
Ringstraße 1143,2488,146,27
17 1299,2489,25,20
<EOS>
<EOP>
53 992,2714,32,24
<EOS>
<EOP>
