2116,2962
In 206,1022,24,20
München 245,1021,113,21
vollzog 370,1021,89,28
sich 470,1021,48,21
sein 529,1022,48,20
Übergang 589,1018,123,31
zur 174,1063,39,14
Landschaftsmalerei 224,1055,248,21
- 483,1068,14,1
und 506,1055,49,21
hier 565,1055,48,21
fand 622,1055,57,21
er 690,1063,23,13
auch 174,1090,59,21
seine 259,1090,61,21
Lebensgefährtin, 346,1089,215,27
Franziska 588,1089,125,21
Hermle 174,1123,94,22
von 281,1131,48,13
Rottweil. 344,1123,117,21
<EOS>
Mit 476,1124,43,20
ihr 533,1124,35,20
trat 582,1128,48,16
er 645,1131,23,13
im 682,1124,31,20
Jahre 176,1157,70,23
1912 261,1157,55,22
in 327,1157,24,21
den 363,1157,44,21
Ehestand. 421,1157,127,21
<EOS>
In 561,1157,27,21
ihr 600,1157,35,21
hatte 647,1157,66,22
er 174,1200,23,12
die 212,1191,35,21
Gefährtin 264,1191,121,21
seines 400,1191,72,21
Lebens 486,1191,89,21
gefunden, 589,1191,125,27
die 174,1225,36,21
ihm 225,1225,49,20
auf 290,1225,41,20
seinem 345,1225,85,21
weitern 445,1225,95,21
Weg 555,1225,56,27
und 627,1225,48,21
in 690,1225,24,20
den 174,1260,44,20
besonderen 235,1259,142,21
Verpflichtungen, 392,1259,214,27
die 622,1259,37,21
der 675,1259,39,21
Gattin 177,1293,82,21
eines 270,1294,60,20
Künstlers 343,1293,123,21
auferlegt 478,1293,111,28
sind, 600,1293,60,24
mit 671,1294,44,20
nie 174,1328,37,20
ermüdendem 235,1327,165,21
Interesse 426,1327,112,21
und 562,1328,48,20
tiefem 634,1327,80,21
Verständnis 174,1361,152,22
zur 338,1369,40,13
Seite 390,1361,61,21
blieb. 461,1361,69,21
<EOS>
Ernst 175,1395,71,21
Schlatter 273,1394,114,22
entfaltete 412,1394,121,22
nach 557,1394,61,22
seiner 642,1395,73,21
Heimkehr 176,1429,126,21
in 313,1429,24,20
Zürich 349,1428,82,22
eine 443,1429,48,20
reiche 503,1428,74,21
Tätigkeit. 588,1428,126,28
<EOS>
Als 175,1462,40,21
künstlerischer 224,1462,179,21
Leiter 412,1463,77,20
der 498,1463,39,20
Kunstanstalt 547,1462,168,21
Wolfensberger 176,1497,183,27
war 370,1505,46,12
er 427,1505,23,12
führend 460,1496,99,21
beteiligt 570,1497,105,27
an 686,1505,29,12
der 176,1531,40,21
Neugestaltung 228,1530,184,28
des 425,1531,39,20
praktischen 476,1531,150,26
Zwek- 638,1531,77,21
ken 176,1565,45,21
dienenden 238,1565,128,21
Kunstgewerbes. 380,1565,201,27
<EOS>
Überzeu- 599,1561,116,25
gend 176,1599,59,27
setzte 246,1603,72,17
er 330,1606,23,14
sich 364,1599,47,20
ein 422,1599,37,21
für 468,1598,38,22
die 517,1599,35,21
Hebung 565,1599,100,27
der 676,1599,39,21
schweizerischen 177,1632,201,22
Plakatkunst. 400,1632,163,21
<EOS>
An 586,1632,36,21
Stelle 647,1632,68,22
der 177,1666,39,21
minderwertigen 222,1666,200,27
Postkartenbilder 428,1666,215,21
schuf 649,1666,69,21
er 177,1709,23,12
künstlerisch 212,1700,154,21
wertvolle 378,1700,116,21
Landschaftsdar- 507,1700,208,21
Stellungen, 177,1734,136,27
gleichzeitig 324,1734,142,27
damit 477,1734,74,21
werbend 561,1734,108,21
für 679,1734,36,21
die 178,1768,35,21
landschaftliche 223,1768,191,21
Schönheit 427,1768,125,21
der 562,1768,40,21
Heimat. 612,1768,103,21
<EOS>
In 207,1802,28,20
diesem 246,1802,85,21
Bestreben 341,1802,127,21
zeigte 478,1803,72,26
sich 561,1802,48,21
ein 619,1803,36,20
wei- 665,1803,50,20
terer, 177,1841,68,19
seinem 257,1836,85,21
Wesen 353,1836,83,21
und 446,1836,49,21
Schaffen 509,1836,107,21
eigener 627,1836,89,28
Zug: 179,1869,56,28
Er 253,1869,31,21
wollte 300,1869,76,22
den 392,1869,45,22
Sinn 455,1869,55,22
für 525,1869,37,22
das 579,1869,40,22
künst- 635,1870,80,21
lerisch 178,1903,80,21
Schöne 271,1903,88,21
und 369,1903,48,21
Echte 428,1903,74,21
ins 511,1904,36,20
Volk 557,1903,60,21
tragen, 627,1908,88,23
zum 179,1945,52,12
künstlerischen 246,1937,182,21
Geschmack 446,1937,143,21
erziehen, 605,1937,110,26
<EOS>
<EOP>
damit 780,170,74,21
möglichst 865,169,123,28
weite 999,170,67,21
Volkskreise 1077,170,146,21
an 1235,178,30,13
den 1277,170,44,21
Werken 781,204,98,21
Anteil 900,204,79,21
erhalten 999,204,105,21
sollten, 1124,204,91,25
welche 1237,204,85,21
die 780,239,35,20
Kunst 829,239,79,20
dem 920,238,54,21
Menschen 985,238,124,21
vermittelt. 1121,238,137,21
<EOS>
Wie 1272,238,50,21
tief 779,273,44,21
er 837,280,22,13
diese 875,273,61,20
Verpflichtung 950,272,177,28
fühlte, 1141,272,83,25
Volks- 1240,272,82,21
erzieher 781,306,99,22
auf 897,306,42,22
dem 954,306,53,22
Gebiete 1027,306,95,22
der 1140,306,39,22
Kunst 1197,306,80,22
zu 1295,315,27,13
sein, 780,340,55,25
wurde 844,340,78,22
immer 930,340,83,22
wieder 1019,340,83,22
ersichtlich, 1111,340,138,25
wenn 1255,348,66,14
er 780,382,23,13
uns 820,382,44,13
bei 883,374,36,21
Ausstellungen 937,374,181,27
mit 1135,375,44,20
unermüd- 1196,374,126,21
licher 779,408,70,21
Geduld 870,408,90,21
die 980,408,35,21
Bilder 1035,408,78,21
erläuterte 1131,408,124,21
und 1273,409,48,20
uns 779,450,43,13
mit 841,443,43,20
der 902,442,39,21
ihm 958,442,49,21
eigenen, 1024,443,102,27
heiteren 1145,442,103,21
Auf- 1265,442,56,21
richtigkeit 779,476,134,28
ahnen 935,476,75,21
ließ, 1032,476,53,25
wieviel 1107,477,88,21
Mensch- 1217,477,104,21
liebes 779,511,70,21
auch 860,511,59,21
beim 929,511,62,21
Entstehen 1002,511,131,21
künstlerischer 1141,511,181,22
Werke 780,544,83,22
mitbeteiligt 876,544,150,28
ist. 1038,545,38,21
<EOS>
Diese 810,578,68,21
seine 894,579,61,20
feine 970,578,60,21
Mitteilungsgabe 1046,578,205,28
kam 1267,578,54,21
Ernst 781,612,71,21
Schlatter 873,611,116,22
zugute, 1008,617,92,22
als 1119,612,32,21
er 1171,621,23,12
während 1212,612,109,21
drei 781,647,48,20
Jahren 848,646,88,23
an 953,654,30,13
der 1001,646,40,21
Kunstgewerbeschule 1058,646,264,28
Zürich 781,680,82,21
als 879,680,32,21
Lehrer 927,680,85,21
tätig 1026,681,60,27
war. 1102,688,53,13
<EOS>
Gleichzeitig 1173,680,149,28
diente 781,715,78,21
er 872,722,23,14
seinen 908,715,78,21
Berufskollegen 1000,715,189,28
als 1202,715,32,21
Priisi- 1249,715,73,21
dent 781,748,56,21
der 853,748,39,22
Künstlervereinigung 908,748,264,28
Zürich. 1188,748,90,22
<EOS>
In 1295,748,27,21
diesen 781,782,78,21
Jahren 877,782,87,23
mag 981,790,53,19
er 1052,790,22,13
sich 1091,782,47,21
jenen 1153,783,70,26
weiten 1240,783,82,20
Gesichtskreis 784,816,166,21
erworben 971,816,118,21
haben, 1109,817,84,24
der 1214,817,40,20
sich 1274,817,48,20
mit 781,851,44,20
seinem 845,851,85,20
schlicht 952,850,98,21
gebliebenen 1069,851,149,26
Wesen 1240,851,82,21
verband 781,884,105,21
und 900,884,49,21
jene 964,885,52,26
Persönlichkeit 1032,885,182,21
formte, 1229,885,93,24
die 782,919,36,20
wir 828,919,40,20
so 879,925,24,14
sehr 914,918,51,21
schätzten. 975,919,128,21
<EOS>
Nach 812,953,66,20
den 897,953,44,20
fruchtbaren 959,953,152,21
aber 1130,953,54,21
auch 1203,953,59,21
un- 1281,961,41,13
ruhevollen 781,986,135,22
Jahren 930,986,88,23
in 1029,987,23,20
Zürich 1066,986,82,22
empfand 1161,986,109,27
der 1284,987,39,21
reifende 782,1020,101,21
Künstler 898,1020,113,21
das 1025,1020,41,21
Bedürfnis 1081,1020,123,21
nach 1219,1021,60,20
ei- 1294,1021,28,21
nem 782,1062,54,13
stilleren 846,1054,100,21
Wohnsitz, 957,1054,128,25
um 1095,1063,40,12
frei 1144,1054,42,22
und 1195,1055,49,20
unge- 1253,1063,69,19
stört 782,1091,60,18
sich 853,1088,48,21
seinem 912,1089,85,20
Lebenswerke 1008,1088,166,22
widmen 1184,1089,100,21
zu 1296,1097,27,12
können. 784,1122,98,21
<EOS>
So 896,1122,29,21
kam 935,1122,55,21
Ernst 1001,1123,71,20
Schlatter 1084,1122,116,22
im 1208,1123,32,20
Jahre 1253,1123,70,23
1920 786,1157,55,21
nach 859,1157,61,21
Uttwil, 940,1157,90,24
in 1050,1157,24,20
das 1094,1157,40,21
Dorf, 1155,1157,65,24
das 1240,1157,41,21
in 1300,1158,23,20
seiner 783,1190,74,22
Eigenart 871,1190,111,28
immer 995,1190,83,22
wieder 1091,1190,83,22
auf 1189,1190,42,22
künst- 1242,1191,81,21
lerisch 783,1223,81,22
tätige 886,1224,72,27
Menschen 980,1224,125,21
eine 1127,1225,49,20
besondere 1197,1225,127,21
Anziehungskraft 783,1258,213,27
ausübt. 1006,1259,92,20
<EOS>
In 1110,1258,28,21
dem 1148,1259,52,20
Haus 1211,1259,65,21
am 1287,1267,37,12
See, 786,1291,49,26
das 848,1292,41,21
er 903,1300,22,13
im 938,1292,32,20
Jahre 986,1292,70,23
1925 1071,1293,55,20
erbaute, 1141,1293,104,24
schuf 1258,1293,69,21
Ernst 784,1326,71,21
Schlatter 875,1325,116,22
sich, 1009,1326,55,24
seiner 1083,1327,73,21
Gattin 1176,1326,83,21
und 1276,1327,48,21
den 785,1361,44,21
beiden 839,1361,83,21
Kindern, 935,1361,112,24
die 1059,1361,36,21
dem 1107,1361,52,21
Ehepaar 1170,1361,108,28
ge- 1289,1369,35,20
schenkt 785,1394,97,22
worden 892,1394,93,22
waren, 994,1402,84,17
ein 1088,1395,36,21
Heim, 1134,1395,77,25
das 1222,1395,40,21
dem 1273,1395,52,21
unvergeßlich 784,1427,164,28
bleiben 962,1428,91,21
wird, 1067,1429,64,25
der 1146,1429,39,21
darin 1199,1429,66,20
ein- 1279,1429,45,21
und 783,1461,49,22
ausgehen 847,1461,115,28
durfte. 976,1462,85,21
<EOS>
In 1077,1462,27,21
den 1118,1462,44,21
Jahren, 1179,1462,94,25
die 1289,1463,35,21
Ernst 785,1496,71,20
Schlatter 883,1495,115,22
in 1022,1496,24,20
Uttwil 1071,1496,84,21
verbrachte, 1178,1497,146,24
wechselten 785,1529,137,22
Reisen, 939,1530,91,24
die 1047,1530,36,21
ihn 1098,1530,42,21
bald 1155,1530,54,21
zu 1227,1538,27,13
Stu- 1273,1530,51,21
dienzwecken 785,1564,161,21
in 964,1564,24,20
weite 1008,1565,66,20
Fernen, 1094,1564,96,25
bald 1211,1565,54,20
zur 1285,1572,40,14
Ausführung 784,1598,152,27
ehrenvoller 947,1598,142,21
Aufträge 1098,1598,114,28
führten, 1221,1598,103,25
mit 785,1632,43,21
stiller 841,1632,71,21
emsiger 925,1632,95,27
Arbeit 1033,1632,81,21
im 1126,1632,33,21
Atelier, 1171,1632,95,25
von 1278,1640,47,14
wo 785,1674,34,13
aus 831,1673,40,14
sich 883,1665,47,22
dem 941,1665,53,22
schaffenden 1005,1665,149,22
Künstler 1166,1666,112,21
ein 1289,1667,35,20
einzigartiger 786,1700,158,26
Ausblick 960,1699,111,21
auf 1088,1700,41,20
die 1143,1700,36,21
Weite 1195,1700,74,21
des 1286,1700,39,21
Bodensees 788,1734,128,21
bot. 928,1734,48,21
<EOS>
Neben 990,1734,80,21
seiner 1082,1735,73,20
innigen 1166,1735,94,27
Ver- 1271,1734,54,22
bundenheit 786,1768,144,21
mit 947,1769,43,19
der 1008,1769,38,20
Landschaft 1063,1768,144,21
des 1225,1769,39,21
Bo- 1282,1769,44,20
densees 786,1801,93,22
ging 897,1802,52,27
diejenige 967,1802,112,27
mit 1096,1803,44,19
der 1157,1802,38,21
Bevölke- 1213,1802,112,21
rung 785,1843,58,20
einher. 849,1836,85,21
<EOS>
Sein 946,1835,52,22
Künstlertum 1004,1836,165,21
hatte 1178,1836,66,21
nichts 1249,1836,77,21
Isolierendes 786,1869,150,22
an 953,1877,30,13
sich, 1000,1869,55,25
sondern 1073,1869,99,22
wirkte 1188,1869,81,22
an- 1287,1877,38,14
regend 785,1903,85,27
und 881,1903,49,21
bereichernd. 942,1903,156,21
<EOS>
Ernst 816,1937,70,20
Schlatter 904,1937,115,21
diente 1035,1937,77,21
während 1127,1937,109,21
vielen 1251,1937,75,21
<EOS>
<EOP>
Jahren 1393,170,88,23
dem 1494,170,53,21
Vorstand 1560,170,118,22
des 1692,171,39,21
Thurgauischen 1744,172,189,27
Heimatschutzes 1393,204,202,22
als 1605,205,32,21
Aktuar 1644,205,92,21
und 1744,206,48,21
der 1802,206,40,21
Gesell- 1850,206,84,21
schaft 1392,239,76,21
für 1487,239,37,21
Literatur 1543,239,119,22
und 1681,240,48,21
Musik 1748,240,77,21
in 1844,240,25,21
Ro- 1889,240,46,22
manshorn 1391,273,127,21
als 1529,273,32,21
künstlerischer 1571,273,180,22
Berater. 1762,274,103,21
<EOS>
Dar- 1876,274,58,21
über 1391,306,58,23
Innaus 1461,307,83,22
stellte 1559,307,76,22
er 1648,316,24,13
sich 1686,308,47,21
bei 1746,308,38,21
unzähligen 1796,308,139,28
geselligen 1392,340,120,28
Anlässen 1525,341,113,22
als 1651,342,32,20
Mitfeiernder 1695,342,159,21
unter 1866,347,69,16
die 1392,374,35,21
Feiernden, 1446,374,136,26
erfreute 1601,375,99,22
uns 1718,384,43,12
mit 1780,376,43,20
ernsten 1842,381,92,16
und 1391,409,47,20
heitern 1461,409,88,21
Beiträgen 1571,409,124,28
und 1715,410,49,20
blieb 1784,410,61,21
dabei 1867,411,67,20
doch 1392,443,59,20
der 1465,443,40,21
unermüdlich 1516,444,162,20
schaffende, 1692,444,141,24
weiter- 1847,445,87,21
strebende 1392,477,123,21
Künstler 1538,478,111,21
und 1670,478,49,21
uneigennützige 1741,478,193,27
Helfer. 1393,511,85,21
<EOS>
Vor 1422,544,46,22
drei 1480,545,47,21
Jahren 1540,545,88,23
besuchte 1639,545,111,21
Ernst 1762,546,71,20
Schlaf- 1846,546,89,21
ter 1392,583,35,16
mit 1436,579,42,20
seiner 1488,579,73,20
Gattin 1572,578,83,21
die 1665,580,35,20
eine, 1710,580,57,24
in 1776,580,23,20
Südafrika 1811,580,124,21
verheiratete 1391,613,155,21
Tochter. 1558,613,107,21
<EOS>
Diese 1679,614,67,21
Reise 1760,614,67,21
vermit- 1839,615,95,20
telte 1392,647,56,21
ihm, 1461,647,56,25
dem 1530,647,52,21
immer 1594,648,83,21
noch 1688,649,61,20
für 1760,648,38,21
neue 1809,656,59,14
Ein- 1880,649,55,20
drücke 1393,681,85,21
aufgeschlossenen 1494,681,216,28
Künstler, 1727,682,120,25
reich- 1863,682,72,22
ste 1393,720,34,16
Erlebnisse. 1443,715,137,22
<EOS>
Und 1597,715,54,22
auch 1666,716,60,21
diesmal 1742,716,96,21
ließ 1852,716,45,21
er 1913,725,22,12
in 1392,749,23,20
Briefen, 1434,748,100,25
Lichtbildern, 1553,749,167,25
Gemälden 1741,749,128,22
und 1886,750,48,21
Erzählungen 1393,783,162,27
weitere 1577,784,92,20
Kreise 1691,784,81,21
teilnehmen 1793,785,142,21
an 1393,825,29,12
dem, 1438,817,61,25
was 1514,825,46,12
ihn 1575,817,40,20
selber 1632,818,72,20
erfreute 1720,818,99,21
und 1835,818,48,21
be- 1897,819,38,20
reicherte. 1392,851,118,21
<EOS>
Eine 1427,886,54,20
große, 1507,885,77,28
erfolgreiche 1611,886,148,28
Ausstellung 1785,886,150,28
seiner 1393,919,73,22
Werke, 1478,919,92,25
zu 1582,927,28,13
seinem 1623,920,86,21
70. 1723,921,35,20
<EOS>
Geburtstage, 1771,920,164,28
von 1392,961,47,13
der 1461,953,39,22
Stadt 1522,953,70,22
Frauenfeld 1612,953,139,22
veranstaltet, 1771,954,164,26
ließ 1393,986,44,22
ihn 1450,986,41,22
erkennen, 1504,987,123,25
welch 1642,987,71,21
großes 1726,987,81,28
Interesse 1821,988,114,21
und 1392,1021,48,20
welch 1457,1021,71,20
aufrichtige 1544,1021,137,27
Anerkennung 1698,1022,172,27
sein 1886,1023,49,20
künstlerisches 1394,1054,177,22
Schaffen 1591,1054,107,22
fand. 1714,1056,63,20
<EOS>
Und 1796,1056,54,21
dabei 1868,1056,67,22
dachte 1394,1089,83,21
er, 1493,1096,29,17
der 1538,1089,39,21
auf 1592,1089,41,21
ein 1646,1090,35,20
so 1696,1097,24,14
reiches 1734,1090,86,21
Lebens- 1836,1090,99,21
werk 1394,1123,61,21
zurückschauen 1466,1123,189,21
konnte, 1667,1124,96,24
schon 1775,1124,71,21
an 1858,1132,29,13
die 1899,1124,36,22
nächsten 1393,1157,114,21
Aufgaben, 1517,1157,131,27
die 1660,1157,36,22
er 1708,1166,23,13
sich 1742,1158,48,21
stellte 1800,1158,76,21
und 1886,1159,49,20
die 1394,1191,36,21
er 1452,1199,23,13
noch 1495,1191,61,21
lösen 1576,1191,65,21
wollte. 1662,1191,83,22
<EOS>
Aber 1767,1192,63,21
bereits 1851,1192,84,22
hatte 1394,1225,66,20
sich 1475,1225,47,20
ein 1537,1226,35,19
schwerer 1587,1225,111,22
Schatten 1714,1225,112,22
auf 1841,1227,41,20
sei- 1894,1227,41,21
nen 1394,1266,44,13
Lebensweg 1449,1258,138,28
gelegt. 1597,1259,81,27
<EOS>
Er 1689,1259,31,21
ahnte, 1730,1260,78,24
daß 1819,1260,45,20
seine 1875,1261,60,20
Tage 1394,1293,61,27
gezählt 1472,1293,90,27
seien. 1578,1294,68,20
<EOS>
Sich 1665,1293,53,21
selber 1734,1294,73,21
iiberwin- 1822,1294,113,21
dend, 1394,1327,69,24
seine 1480,1327,61,21
ebenfalls 1558,1327,110,21
wissenden 1685,1328,128,21
Angehö- 1828,1328,107,28
rigen 1394,1361,64,28
schonend, 1466,1361,126,25
verbreitete 1598,1361,139,22
er 1747,1370,23,13
immer 1777,1362,82,21
noch, 1868,1362,67,25
trotz 1394,1399,61,17
dem 1471,1394,52,22
Dunkeln, 1538,1394,118,26
das 1672,1395,41,21
er 1728,1403,23,13
vor 1765,1403,43,13
sich 1823,1396,48,20
sah, 1886,1396,49,25
frohgemute 1394,1428,146,28
Heiterkeit 1554,1429,130,21
um 1696,1438,40,12
sich. 1749,1429,54,21
<EOS>
Als 1817,1430,40,20
Ende 1870,1430,66,21
Mai 1394,1463,47,20
der 1466,1463,40,20
Männerchor 1531,1463,153,21
LTttwil 1709,1464,83,20
die 1817,1464,36,21
neue 1878,1472,58,13
Fahne, 1394,1496,88,25
die 1508,1496,35,21
Ernst 1569,1496,71,21
Schlatter 1667,1496,116,22
entworfen 1808,1498,127,21
hatte, 1394,1530,74,25
einweihte, 1486,1530,129,25
hielt 1632,1531,57,21
er 1707,1539,23,13
selber, 1747,1531,80,25
obwohl 1845,1532,91,21
bereits 1394,1565,84,20
die 1498,1564,35,21
Anzeichen 1552,1564,131,22
der 1702,1565,40,21
schweren 1760,1565,116,22
Er- 1895,1565,40,22
krankung 1394,1599,123,27
spürend, 1529,1599,108,27
die 1650,1599,36,21
Fahnenrede. 1698,1599,157,22
<EOS>
Als 1424,1632,40,21
ihm 1474,1632,47,21
der 1532,1632,40,22
Männerchor 1582,1632,152,22
Uttwil 1744,1633,83,21
in 1836,1633,24,21
Mün- 1869,1633,66,21
sterlingen 1394,1666,125,27
besuchte, 1531,1666,118,25
vor 1661,1675,42,12
seinem 1715,1667,86,21
Kranken- 1814,1667,121,21
zimmer 1395,1700,94,21
sang 1502,1708,56,19
und 1571,1700,49,21
ihm 1632,1700,48,21
die 1693,1701,36,20
Ehrenmitglied- 1742,1701,193,28
schaft 1394,1734,77,20
verlieh, 1490,1734,94,25
war 1604,1742,47,13
dies 1670,1735,48,20
wie 1737,1735,42,21
ein 1799,1735,37,21
letzter 1854,1735,82,21
Gruß 1398,1767,63,21
des 1472,1768,39,21
Dorfes, 1523,1768,90,24
das 1625,1768,40,21
Ernst 1677,1769,71,20
Schlatter 1761,1768,116,22
und 1887,1769,49,21
seiner 1395,1802,73,21
Familie 1483,1802,95,21
zur 1593,1809,40,14
Heimatgeworden 1648,1802,219,28
war. 1881,1811,54,13
<EOS>
Tage 1395,1836,61,27
und 1483,1836,48,21
Wochen 1558,1836,103,22
bittersten 1687,1837,125,21
Leidens 1839,1837,97,21
folgten, 1394,1869,97,28
bis 1507,1869,35,22
Ernst 1559,1869,71,22
Schlatter 1648,1869,115,22
am 1780,1878,37,13
13. 1835,1871,34,20
<EOS>
Sep- 1882,1870,53,27
tember 1395,1903,90,21
1954 1497,1904,56,20
still 1564,1903,47,21
aus 1621,1911,40,13
der 1672,1904,40,21
Zeit 1722,1904,50,21
in 1781,1904,24,20
die 1815,1904,36,21
Ewig- 1862,1905,74,26
keit 1395,1937,49,21
hinübergehen 1457,1937,173,28
konnte. 1643,1938,95,21
<EOS>
C. 1913,1938,22,21
<EOS>
<EOP>
48 1040,2749,34,24
<EOS>
<EOP>
