2116,2962
Timrgauer 727,175,378,76
Chronik 1140,174,283,56
Uom 743,306,66,26
Z. 826,307,22,24
<EOS>
Ofcfo&er 860,306,110,25
1953 985,306,68,25
6is 1068,306,40,25
30. 1124,306,41,25
<EOS>
Sepfemfeer 1180,306,150,32
1954 1345,306,69,25
<EOS>
<EOP>
Okto&er 194,441,110,26
Z953 318,442,70,25
4. 212,518,25,25
<EOS>
Die 259,518,52,25
Gemeinde 334,517,150,27
Wängi 505,518,100,35
weiht 623,518,85,26
ihr 726,519,44,25
neues 787,528,85,16
Schulhaus 895,518,156,26
ein. 259,556,53,25
<EOS>
Die 340,555,51,26
Festansprache 419,555,221,35
hält 668,556,60,26
Regierungsrat 756,556,218,35
Dr. 1002,556,48,25
<EOS>
E. 259,594,33,24
<EOS>
Reiher. 306,594,111,25
<EOS>
6. 213,638,24,26
<EOS>
Der 259,638,56,26
Große 333,638,90,26
Rat 439,639,58,25
genehmigt 511,638,160,35
die 687,638,43,27
Staatsrechnung 748,639,240,34
des 1003,638,48,27
Jahres 261,676,99,28
1952. 385,676,76,26
<EOS>
In 486,676,32,26
einer 541,677,75,25
kurzen 637,676,104,26
Diskussion 765,676,165,26
befaßt 954,676,97,26
sich 258,714,59,25
der 333,714,47,25
Rat 398,715,57,24
mit 471,715,51,24
den 539,714,54,25
Kompetenzen 610,714,214,34
des 841,714,47,26
Sekretärs 907,714,143,26
der 259,751,47,25
Steuerrekurskommission. 333,752,390,25
<EOS>
Ein 748,752,54,25
Motionär 826,753,141,24
ver- 990,762,59,15
langt 257,789,79,35
die 351,790,43,24
Uberprüfung 410,789,200,35
der 625,790,47,24
regierungsrätlichen 686,790,298,34
Be- 999,790,50,25
fugnisse 257,827,122,35
im 405,828,38,25
Reglement 469,827,165,35
des 660,827,47,26
kantonalen 732,827,173,26
Elektri- 930,827,119,26
zitäts 258,866,83,24
Werkes. 344,865,114,26
<EOS>
9. 212,912,24,24
<EOS>
Durch 258,910,96,26
den 367,910,54,26
Frost 436,911,80,25
vom 530,920,66,16
11. 611,911,41,25
<EOS>
Mai 666,911,56,25
sind 735,910,62,26
die 811,911,42,25
Hoffnungen 869,911,181,34
auf 258,948,51,25
ein 329,949,44,25
gutes 396,954,80,28
Weinjahr 499,948,144,35
vernichtet 666,948,159,26
worden. 848,948,121,26
<EOS>
Der 994,948,56,26
Wimmet 257,986,135,25
am 408,996,46,15
Ottenberg 470,986,156,34
fällt 639,986,63,25
mager 718,996,94,24
aus. 828,996,58,15
<EOS>
9. 212,1032,24,25
<EOS>
In 258,1031,33,25
Dießenhofen 316,1031,194,26
stirbt 533,1031,84,26
im 640,1032,39,24
Alter 703,1030,78,27
von 803,1041,57,16
68 885,1031,33,26
Jahren 944,1031,106,28
Sekundarlehrer 260,1068,237,26
Alfons 529,1068,98,26
Leutenegger, 661,1069,200,34
der 895,1069,47,26
seine 975,1070,74,25
Dienste 258,1107,115,25
der 389,1106,48,26
Öffentlichkeit 452,1103,211,29
auf 680,1107,51,25
vielen 742,1107,90,25
Gebieten 851,1107,135,25
zur 1002,1117,48,15
Verfügung 257,1144,163,35
stellte. 437,1145,101,25
<EOS>
Er 556,1145,38,24
war 610,1154,56,16
früher 682,1145,95,25
auch 795,1145,71,24
Gemeinde- 886,1144,162,26
und 257,1182,57,25
Stadtammann 333,1182,220,25
von 567,1192,56,15
Dießenhofen. 639,1182,203,25
<EOS>
17. 195,1228,40,24
<EOS>
An 257,1227,44,25
der 332,1227,47,25
Jahresversammlung 411,1227,312,35
des 753,1227,47,25
thurgauischen 830,1228,219,34
<EOS>
<EOP>
Lehrervereins 257,1265,212,25
sprach 477,1265,100,35
Dr. 584,1265,48,25
<EOS>
Kolb, 647,1265,85,30
Chef 740,1265,71,25
der 819,1264,47,26
kantonalen 875,1265,174,25
Steuerverwaltung, 259,1302,284,35
über 553,1302,68,26
die 633,1303,43,25
Steuereinschätzung 689,1302,301,35
der 1002,1302,47,26
Festbesoldeten. 257,1340,240,26
<EOS>
20. 192,1387,43,24
<EOS>
Der 257,1385,55,26
thurgauische 334,1386,199,34
Staatsvoranschlag 559,1385,282,35
schließt 864,1385,117,26
bei 1003,1385,45,26
<EOS>
<EOP>
rund 256,1423,72,26
36,3 340,1423,60,31
Millionen 413,1423,142,26
Franken 566,1423,129,25
Einnahmen 708,1423,177,25
mit 896,1424,51,24
einem 958,1424,90,24
Ausgabenüberschuß 257,1461,310,34
von 583,1471,55,15
141 655,1461,49,25
200 718,1461,52,25
Franken 786,1461,128,25
ab. 930,1461,45,25
<EOS>
30. 193,1507,42,25
<EOS>
Der 257,1506,55,26
Große 344,1506,90,26
Rat 464,1506,58,26
behandelt 549,1506,153,26
den 731,1505,53,27
Rechenschafts- 814,1506,232,26
<EOS>
<EOP>
bericht 256,1544,108,26
für 384,1544,44,25
das 450,1544,48,26
Jahr 522,1544,69,27
1952. 614,1544,77,26
<EOS>
Die 714,1544,50,25
Motion, 785,1543,118,31
die 925,1543,42,26
eine 988,1545,59,24
Überprüfung 257,1578,199,38
der 474,1582,48,25
verwaltungsrätlichen 538,1582,327,33
Befugnisse 885,1582,162,33
im 256,1621,38,23
Reglement 312,1619,165,35
des 494,1620,46,24
kantonalen 557,1619,173,25
Elektrizitätswerkes 748,1619,298,25
verlangt, 256,1657,137,34
ist 414,1658,36,24
abgelehnt 472,1657,150,35
worden. 643,1657,122,25
<EOS>
Der 788,1657,55,24
Motion, 864,1655,117,32
die 1004,1657,42,24
eine 256,1696,59,24
Revision 329,1695,132,25
des 474,1694,47,26
kantonalen 533,1694,173,26
Besoldungsregulativs 719,1694,327,35
vorsieht, 255,1732,134,30
wurde 401,1732,94,26
zugestimmt. 508,1733,190,33
<EOS>
An 713,1732,41,25
die 767,1732,43,25
Vergütung 823,1731,164,35
der 1000,1732,47,25
Frostschäden 256,1770,205,25
in 477,1771,28,24
den 522,1770,53,25
Rebgebieten 593,1770,190,34
wird 798,1770,69,24
ein 883,1770,44,25
Betrag 944,1770,103,33
von 255,1817,56,15
62 326,1808,31,24
000 372,1808,51,25
Franken 439,1808,128,25
gewährt. 583,1808,132,34
<EOS>
31. 191,1853,42,24
<EOS>
Der 256,1853,55,24
Direktor 340,1853,131,24
der 500,1853,47,24
thurgauischen 574,1853,219,33
Kantonalbank 823,1852,223,25
<EOS>
<EOP>
und 254,1890,58,25
Leiter 329,1890,91,25
der 435,1890,48,25
Handelsabteilung, 498,1890,281,34
Jakob 798,1890,92,27
Müller 907,1890,97,24
in 1018,1891,28,23
Weinfelden, 255,1928,184,29
tritt 450,1929,64,23
in 525,1929,28,23
den 566,1928,52,24
Ruhestand. 632,1927,176,25
<EOS>
An 820,1927,44,25
seine 875,1928,73,24
Stelle 964,1927,82,25
wurde 254,1965,94,26
Hans 377,1965,79,26
Rüttimann, 485,1965,181,31
Verwalter 694,1964,153,26
der 875,1964,47,26
Filiale 951,1964,95,26
Kreuzlingen, 256,2002,197,35
gewählt. 468,2002,130,35
<EOS>
31. 191,2049,42,24
<EOS>
Die 256,2048,50,25
Durchführung 319,2047,220,35
von 551,2057,55,16
Kaninchenausstellungen 621,2047,377,35
ist 1009,2048,37,25
<EOS>
<EOP>
im 254,2086,38,24
Hinblick 306,2085,133,25
auf 451,2085,51,25
die 511,2085,43,25
Kaninchenseuche 568,2084,269,26
Myxomatose 850,2083,195,35
im 254,2124,38,23
ganzen 307,2133,105,24
Kanton 430,2123,116,25
verboten 561,2123,137,25
worden. 712,2123,121,25
<EOS>
<EOP>
IVtwem&er 191,2257,146,26
Z953 351,2257,69,25
1. 210,2334,23,24
<EOS>
Auf 253,2333,60,24
Einladung 322,2333,159,33
des 492,2333,47,25
Stadtrates 553,2332,159,26
von 723,2342,56,16
Frauenfeld 792,2333,166,25
stellt 969,2333,76,24
<EOS>
<EOP>
Kunstmaler 255,2370,183,25
Ernst 449,2370,85,25
E. 542,2370,32,25
<EOS>
Schlatter 591,2369,139,26
im 740,2371,38,24
Rathaus 787,2370,128,25
Frauen- 924,2370,120,25
feld 253,2407,56,26
seine 324,2408,73,24
Werke 413,2407,99,25
aus. 528,2417,58,15
<EOS>
8. 209,2454,23,24
<EOS>
Am 254,2452,53,25
Frauenfelder 343,2452,197,25
Militärwettmarsch 575,2453,286,24
ist 894,2454,36,24
Hans 969,2453,75,24
Frischknecht 255,2490,201,25
aus 468,2500,48,15
Herisau 529,2490,120,25
zum 661,2499,63,16
siebentenmal 736,2490,203,25
Sieger 953,2490,92,35
geworden. 255,2527,154,35
<EOS>
21. 190,2574,42,24
<EOS>
Die 254,2573,51,25
Gruppe 323,2572,113,35
Oberthurgau 453,2572,197,35
der 666,2572,49,26
Neuen 731,2573,97,25
Helvetischen 848,2573,196,25
<EOS>
<EOP>
Gesellschaft 257,2605,182,31
führt 453,2610,78,25
in 544,2611,28,24
Romanshorn 588,2610,198,26
unter 800,2616,82,21
dem 897,2610,63,27
The- 975,2610,68,27
<EOS>
<EOP>
ma 1163,452,46,15
«Die 1223,443,68,25
Lage 1304,443,72,34
der 1388,443,47,25
thurgauischen 1446,443,219,35
Gemeinden» 1674,442,192,26
einen 1876,444,80,24
Diskussionsabend 1164,480,274,25
durch, 1461,481,97,30
an 1581,491,34,14
dem 1638,481,64,25
die 1724,481,43,24
Gemeinde- 1792,480,163,26
autonomie 1164,519,161,25
im 1336,519,38,24
Rechtsstaat 1386,518,184,26
und 1579,518,58,26
Probleme 1648,518,146,26
der 1806,518,47,26
Land- 1864,518,92,26
gemeinden 1163,555,165,35
behandelt 1340,556,154,26
werden. 1505,556,121,26
<EOS>
25. 1098,601,43,26
<EOS>
«Der 1165,601,74,26
Thurgauer 1251,601,163,34
Bauer», 1426,601,121,31
das 1560,601,49,26
thurgauische 1620,601,199,35
Bauern- 1832,601,124,26
<EOS>
<EOP>
blatt, 1162,639,84,31
kann 1264,639,76,26
sein 1358,640,58,25
lOOjähriges 1435,639,173,34
Bestehen 1626,638,140,27
feiern. 1783,638,96,26
<EOS>
Das 1898,638,58,26
Blatt 1163,676,79,26
ist 1256,677,37,25
aus 1308,687,48,15
diesem 1372,676,104,26
Anlaß 1494,676,88,26
in 1599,677,24,24
einer 1641,677,74,25
Jubiläumsaus- 1731,676,224,28
gäbe 1163,715,69,33
erschienen. 1247,715,169,25
<EOS>
28. 1098,760,42,25
<EOS>
Der 1163,759,55,26
Große 1243,759,91,26
Rat 1357,759,57,26
stimmt 1435,760,111,25
33 1568,760,32,25
Bewerbungen 1625,759,210,34
in 1856,760,28,24
das 1907,759,49,25
<EOS>
<EOP>
Kantonsbürgerrecht 1163,798,314,33
zu. 1488,808,43,14
<EOS>
Die 1543,798,51,24
Rechenschaftsberichte 1607,797,348,25
werden 1162,835,111,25
zu 1288,845,34,15
Ende 1337,835,79,25
behandelt 1432,835,153,26
und 1599,835,59,25
gutgeheißen. 1674,835,195,35
<EOS>
Dar- 1886,835,69,24
auf 1162,873,51,24
tritt 1223,874,65,23
der 1302,873,48,24
Rat 1365,873,57,24
in 1434,874,29,23
die 1477,873,44,25
Beratung 1535,873,145,34
des 1693,873,48,24
Staatsvoran- 1758,872,197,25
Schlages 1162,910,123,35
für 1301,911,44,25
das 1361,910,49,26
Jahr 1428,910,71,29
1954 1516,911,67,25
ein. 1599,912,53,24
<EOS>
30. 1098,956,42,24
<EOS>
Im 1166,956,40,24
Alter 1224,955,79,25
von 1322,965,56,15
80 1398,957,33,24
Jahren 1453,956,105,27
stirbt 1577,956,84,24
in 1680,956,29,24
Frauenfeld 1728,955,167,25
alt 1915,955,40,25
<EOS>
<EOP>
Ständerat 1164,993,152,26
Eduard 1333,993,116,26
Pfister 1466,993,100,26
(siehe 1584,992,85,36
Nachruf). 1687,992,149,35
<EOS>
30. 1097,1039,43,24
<EOS>
Die 1162,1039,50,24
Synode 1238,1038,112,34
der 1373,1038,48,25
evangelischen 1443,1038,212,35
Landeskirche 1678,1038,206,25
des 1907,1037,47,26
<EOS>
<EOP>
Kantons 1162,1076,131,26
Thurgau 1306,1076,133,34
tagt 1451,1082,63,28
in 1526,1077,28,24
Frauenfekl. 1569,1076,176,26
<EOS>
Der 1759,1076,56,25
Rechen- 1829,1075,124,26
schaftsbericht 1161,1113,217,26
wird 1394,1113,69,26
genehmigt, 1482,1113,169,35
einer 1669,1114,74,25
Neuordnung 1761,1113,193,34
der 1162,1151,47,26
Pensionierung 1227,1151,218,34
zugestimmt 1463,1152,180,33
und 1659,1151,58,25
mit 1735,1152,51,24
der 1804,1151,48,25
Bera- 1870,1151,82,25
tung 1160,1195,71,28
der 1247,1189,48,25
Kirchenordnung 1311,1189,254,34
fortgefahren. 1581,1189,200,34
<EOS>
<EOP>
Dezemèer 1096,1302,141,26
Z953 1251,1302,70,26
6. 1114,1370,25,25
<EOS>
An 1160,1370,43,25
der 1224,1370,48,25
eidgenössischen 1291,1370,241,35
Volksabstimmung 1552,1370,281,34
ist 1852,1370,36,24
die 1908,1369,43,25
<EOS>
<EOP>
Vorlage 1160,1408,118,34
über 1297,1408,70,25
die 1387,1408,42,25
Neuordnung 1450,1408,193,34
des 1663,1407,46,26
Bundesfinanz- 1731,1406,219,27
haushaltes 1160,1445,162,26
verworfen 1350,1445,155,26
und 1533,1445,57,26
der 1619,1445,47,26
Gewässerschutz- 1698,1444,252,27
artikel 1161,1483,99,25
angenommen 1279,1493,204,24
worden. 1503,1483,121,25
<EOS>
Im 1648,1483,40,24
Thurgau 1708,1483,132,33
haben 1858,1482,94,25
12 1162,1521,30,25
824 1207,1521,50,25
für 1273,1521,44,24
die 1333,1521,43,25
Finanzordnung, 1393,1521,244,33
19 1656,1521,31,25
703 1701,1521,50,24
dagegen 1768,1520,123,34
ge- 1908,1529,43,25
stimmt; 1159,1560,125,28
der 1309,1559,47,24
Gewässerschutzartikel 1383,1558,344,25
ist 1750,1559,38,24
bei 1812,1558,45,24
6025 1882,1557,68,25
Nein- 1160,1596,81,25
und 1255,1596,60,25
26 1333,1596,33,25
626 1379,1596,51,25
Jastimmen 1446,1596,170,28
gutgeheißen 1630,1595,185,35
worden. 1828,1595,122,26
<EOS>
6. 1113,1641,24,25
<EOS>
In 1160,1641,32,25
Arbon 1203,1641,97,25
ist 1310,1642,37,24
mit 1358,1642,52,24
1242 1423,1642,66,23
Ja 1505,1641,34,28
gegen 1551,1650,86,25
920 1649,1642,51,24
Nein 1712,1641,70,24
ein 1794,1641,43,24
Kredit 1851,1640,100,25
von 1158,1688,56,15
250 1225,1679,52,25
000 1290,1679,51,24
Franken 1353,1678,130,25
für 1493,1678,44,25
die 1548,1678,42,25
Seeufergestaltung 1604,1678,275,34
gut- 1890,1684,60,28
geheißen 1159,1716,134,35
worden. 1314,1716,122,26
<EOS>
In 1459,1716,33,25
Weinfelden 1514,1715,174,27
ist 1709,1716,36,25
die 1767,1715,43,26
Vorlage 1832,1715,118,34
über 1158,1753,69,26
den 1241,1753,54,26
Ankauf 1306,1753,118,26
der 1435,1753,48,26
Haffterschen 1495,1753,197,26
Liegenschaft 1705,1753,196,34
im 1912,1753,39,25
Betrage 1160,1792,118,33
von 1296,1801,56,15
300 1372,1792,50,25
000 1436,1792,51,25
Franken 1506,1791,129,25
mit 1654,1792,51,24
970 1725,1792,50,24
gegen 1794,1800,86,25
303 1899,1791,50,24
Stimmen 1161,1829,137,25
angenommen 1318,1838,203,26
worden. 1541,1828,121,25
<EOS>
Auch 1682,1828,80,25
in 1781,1829,27,24
Frauen- 1830,1828,119,25
feld 1157,1866,56,25
wurde 1227,1866,93,25
die 1334,1867,44,24
Vorlage 1391,1866,118,35
über 1521,1866,69,25
den 1604,1866,53,25
Sportplatz 1673,1865,161,35
im 1847,1866,38,25
Be- 1899,1865,50,26
trage 1157,1910,78,28
von 1247,1913,56,16
389 1317,1904,50,26
000 1380,1905,52,25
Franken 1445,1904,128,25
mit 1587,1905,51,24
1704 1652,1904,68,25
Ja 1735,1903,35,28
gegen 1783,1913,85,24
1048 1882,1904,68,25
Nein 1158,1941,72,26
gutgeheißen. 1247,1941,195,35
<EOS>
7. 1112,1987,24,25
<EOS>
Der 1158,1986,56,26
Große 1238,1986,90,26
Rat 1351,1986,58,26
fährt 1429,1986,77,26
in 1527,1987,27,24
der 1576,1986,48,25
Detailberatung 1646,1985,235,35
des 1902,1985,48,26
Staatsvoranschlages 1160,2024,312,34
weiter. 1482,2025,104,24
<EOS>
Er 1598,2024,38,24
genehmigt 1647,2024,160,33
das 1818,2024,49,24
Bud- 1875,2024,74,24
get, 1158,2068,54,28
das 1224,2062,49,25
nun 1284,2072,58,14
einen 1354,2062,79,24
Ausgabenüberschuß 1444,2061,311,35
von 1766,2071,56,14
207 1834,2062,52,24
200 1898,2062,52,24
Franken 1158,2095,128,29
vorsieht. 1310,2099,133,25
<EOS>
Die 1468,2099,51,24
Staatssteuer 1544,2098,191,26
wird 1758,2098,67,25
unver- 1851,2108,97,15
ändert 1158,2137,99,25
auf 1272,2137,50,25
110 1334,2137,50,25
Prozent 1399,2137,118,25
belassen. 1531,2136,135,26
<EOS>
16. 1095,2182,40,24
<EOS>
Die 1161,2182,47,24
Zahl 1225,2182,68,24
der 1309,2181,47,25
Ausländer 1372,2181,157,25
hat 1544,2181,50,25
seit 1610,2182,52,24
dem 1678,2181,64,25
letzten 1757,2180,105,26
Jahr 1880,2181,70,27
<EOS>
<EOP>
um 1156,2228,49,16
341 1221,2220,49,25
auf 1288,2219,51,25
10840 1352,2219,86,25
zugenommen. 1454,2228,211,25
<EOS>
Auffällig 1681,2218,136,34
ist, 1831,2219,47,30
daß 1895,2218,55,26
die 1157,2256,44,26
Zahl 1216,2256,68,26
der 1300,2256,47,26
ausländischen 1362,2256,214,26
Fabrikarbeiter 1593,2256,226,25
um 1833,2266,49,15
761 1897,2256,51,26
zugenommen, 1157,2304,211,24
diejenige 1395,2294,136,34
der 1557,2294,47,25
landwirtschaftlichen 1630,2294,318,24
Dienstboten 1157,2332,188,25
dagegen 1357,2332,124,34
um 1493,2341,48,15
370 1554,2332,50,24
abgenommen 1617,2332,205,34
hat. 1835,2331,58,25
<EOS>
23. 1092,2377,43,25
<EOS>
In 1157,2377,33,25
Kreuzlingen 1207,2377,187,33
stirbt 1409,2377,84,25
im 1508,2377,38,24
74. 1562,2377,42,24
<EOS>
Altersjahr 1621,2376,153,34
alt 1790,2376,39,25
Spital- 1847,2376,100,34
<EOS>
<EOP>
Verwalter 1156,2415,146,25
Fritz 1317,2415,74,24
Friedrich. 1406,2414,150,25
<EOS>
Der 1572,2414,55,25
Verstorbene 1642,2414,185,24
erwarb 1842,2414,105,24
sich 1157,2453,57,24
große 1230,2452,82,35
Verdienste 1328,2452,163,25
um 1506,2461,48,16
die 1570,2451,43,26
Abstinenzbewegung. 1628,2451,319,34
<EOS>
27. 1092,2498,43,24
<EOS>
An 1156,2497,44,25
der 1215,2497,47,25
traditionellen 1275,2497,209,25
Tagung 1499,2497,116,34
des 1629,2496,47,25
Volkswirtschaft- 1690,2496,256,25
<EOS>
<EOP>
liehen 1156,2535,90,25
Vereins 1257,2534,114,25
des 1383,2534,47,25
Bezirks 1447,2534,108,25
Arbon 1567,2534,96,25
sprach 1675,2533,100,35
Bundesrat 1787,2533,159,26
Feldmann 1157,2572,155,26
über 1332,2572,68,25
das 1421,2571,48,27
Thema 1489,2571,105,26
«Die 1617,2571,69,25
politische 1706,2571,146,35
Frei- 1873,2570,72,26
heit». 1157,2610,86,25
<EOS>
<EOP>
51 1050,2750,32,25
<EOS>
<EOP>
