2116,2962
die 179,980,35,20
andern 235,980,88,21
als 344,980,32,21
erwachsene 397,980,143,22
Menschen 561,980,125,22
- 705,994,15,1
<EOS>
<EOP>
durch 179,1013,72,22
den 262,1013,45,22
Tod 318,1013,49,22
der 379,1014,40,21
Familie, 430,1013,104,27
die 545,1014,37,21
so 593,1023,24,12
gut 629,1019,41,22
zu- 682,1023,37,12
sammenharmonierte, 179,1047,270,26
entrissen 462,1049,112,20
wurden. 586,1049,101,21
<EOS>
Max 208,1082,54,20
Zellers 272,1082,82,20
Aufgabe 362,1082,106,27
schien 478,1083,77,20
ihm 563,1083,49,20
von 620,1091,47,13
An- 672,1083,46,20
fang 177,1115,56,28
an 246,1124,28,12
vorgezeichnet. 286,1116,184,27
<EOS>
Sein 485,1116,53,21
lebhafter, 549,1117,122,24
oft 685,1117,34,21
fast 177,1150,47,21
unbändiger 246,1150,146,28
Tätigkeitsdrang 414,1151,203,28
zwang 640,1159,79,20
ihn, 177,1184,48,24
aus 242,1192,41,13
der 299,1184,40,21
bescheidenen 353,1184,169,22
Apotheke, 536,1185,131,27
die 683,1185,36,21
sein 178,1218,48,21
Vater 245,1218,72,21
noch 334,1218,61,21
in 413,1219,24,20
beschaulichem 456,1218,186,22
Stile 664,1218,55,22
führte, 177,1251,86,26
erst 278,1256,46,17
einen 339,1252,65,21
Betrieb, 418,1252,103,25
dann 535,1253,64,20
eine 612,1253,49,20
Fa- 676,1252,42,21
brik 178,1286,51,20
zu 242,1294,28,12
machen. 282,1286,105,21
<EOS>
— 400,1299,16,1
1927 428,1286,56,21
genügten 498,1289,116,25
die 627,1287,36,20
Fa- 676,1287,43,20
brikationsräume 178,1320,210,21
in 407,1321,25,20
der 453,1320,39,21
alten 513,1321,62,20
Apotheke 595,1321,123,27
nicht 177,1354,65,20
mehr 255,1354,64,21
und 332,1354,48,21
es 394,1361,23,14
erfolgte 430,1354,95,28
der 539,1355,39,20
Umzug 592,1355,90,27
in 695,1355,24,20
die 178,1388,35,21
Hausersche 228,1388,145,21
Schifflistickerei, 388,1388,204,25
die 606,1389,36,21
dann 656,1389,63,20
vor 177,1429,41,13
allem 229,1422,67,21
durch 307,1422,73,21
das 390,1422,41,21
Wirken 441,1422,95,22
seines 546,1422,72,22
Sohnes 631,1422,87,22
in 177,1456,24,21
einen 216,1456,66,21
modernen 297,1456,126,21
Betrieb 439,1456,93,21
umgewandelt 547,1456,172,28
wurde. 177,1489,85,21
<EOS>
Durch 207,1523,80,21
diese 307,1524,60,21
Vergrößerung 387,1523,175,28
seines 583,1525,71,20
Be- 675,1524,42,21
triebes 177,1558,84,20
hat 276,1558,42,20
der 334,1558,39,20
Verstorbene 388,1558,154,21
immer 556,1559,82,20
mehr 653,1559,65,20
Menschen 177,1591,124,22
ein 327,1593,36,20
Auskommen 388,1592,160,21
verschaffen 572,1592,146,21
können 176,1626,94,21
und 279,1626,50,20
ist 339,1626,30,20
seiner 379,1626,73,21
Gemeinde, 466,1626,133,25
in 609,1626,24,21
der 644,1626,39,21
er 694,1633,23,14
so 177,1667,24,13
fest 214,1659,45,22
verwurzelt 272,1659,136,22
war, 421,1667,54,17
eine 489,1660,49,21
große 552,1659,69,28
Stütze 637,1659,80,22
geworden. 176,1693,128,27
<EOS>
- 318,1706,14,2
<EOS>
<EOP>
.1930 208,1728,55,20
<EOS>
hielt 279,1727,56,21
seine 351,1728,60,20
Familie 427,1727,95,21
Einzug 538,1727,89,27
in 642,1728,23,20
die 681,1727,35,21
«Seeburg» 179,1760,133,28
und 329,1761,47,20
damit 396,1761,75,20
ging 489,1762,52,26
dem 560,1761,53,21
großen 630,1761,87,27
Naturfreund 176,1795,162,21
ein 361,1795,36,20
sehnlicher 420,1795,127,21
Wunsch 567,1795,103,21
in 693,1796,23,20
Erfüllung, 177,1829,129,27
wurde 328,1829,78,21
ihm 427,1829,49,20
doch 497,1829,59,21
ein 577,1830,37,20
großer 635,1828,81,28
Garten 179,1863,87,21
zur 284,1870,40,13
steten 343,1867,76,17
Quelle 441,1863,78,27
der 538,1863,40,21
Erholung 597,1863,118,27
und 175,1897,49,20
Entspannung. 235,1897,178,27
<EOS>
Aus 206,1930,47,22
dem 268,1930,52,22
ersten 333,1935,76,17
Hausmittelchen 422,1930,204,21
wurde 638,1930,77,22
der 177,1964,40,21
erste 228,1969,58,16
Markenartikel 297,1964,181,21
und 489,1964,48,21
diesem 548,1964,86,21
folgte 644,1964,71,27
eine 176,1999,49,20
ganze 237,2006,71,19
Reihe 321,1998,72,21
weiterer 404,1998,103,20
Produkte. 519,1998,125,20
<EOS>
Seine 208,2032,65,21
virtuose 295,2033,103,19
Handhabung 421,2031,166,28
der 610,2032,39,20
Re- 671,2032,44,20
klame 175,2066,76,21
- 262,2079,15,1
damals 288,2065,88,21
ein 388,2066,35,20
noch 433,2066,61,20
kaum 505,2065,71,21
bekanntes 586,2065,129,21
Accessoir 175,2100,119,21
der 309,2100,40,20
Wirtschaft 364,2099,137,21
- 516,2112,15,2
ließ 545,2099,44,21
ihn 605,2099,41,21
aber 661,2099,54,21
nie 174,2134,39,21
das 229,2134,41,21
Qualitätsprinzip 291,2133,207,27
aus 516,2140,39,14
den 573,2133,45,21
Augen 633,2133,82,27
verlieren. 175,2167,118,22
<EOS>
Dem 207,2201,59,21
Zellerkalender, 282,2200,189,25
von 486,2208,47,13
ihm 548,2200,49,21
geschaf- 613,2200,102,28
fen, 174,2234,47,26
hat 230,2235,43,21
er 281,2243,23,13
immer 312,2235,83,21
ein 403,2235,36,21
noch 448,2234,60,22
schöneres 516,2234,120,21
Kleid 647,2234,68,21
zu 176,2278,28,11
geben 215,2269,73,27
gewußt 298,2268,92,28
und 401,2269,49,20
dieser 461,2268,72,21
ist 543,2268,30,21
denn 584,2268,61,21
auch 656,2268,59,21
zu 176,2311,28,12
einem 227,2303,74,20
nicht 323,2302,66,21
mehr 411,2302,65,20
wegzudenkenden 498,2301,217,28
Produkt 176,2336,105,21
des 298,2336,38,21
Hauses 353,2336,90,21
geworden, 459,2335,128,27
das 604,2335,40,21
man 660,2343,55,12
weit 175,2371,54,20
über 238,2371,56,20
die 304,2370,35,21
Grenzen 351,2370,104,20
unseres 462,2377,93,13
Landes 565,2369,90,20
hin- 665,2369,49,20
aus 176,2412,41,13
würdigt 229,2404,100,28
und 340,2404,48,21
genießt. 400,2403,100,28
<EOS>
Der 207,2438,45,21
Zellerbalsam 273,2437,161,22
und 454,2437,48,21
seine 522,2437,61,21
jüngeren 602,2437,113,26
Geschwister 178,2471,151,22
bekamen 353,2471,114,21
denn 492,2471,61,20
auch 577,2470,59,20
bald 660,2470,55,21
einen 176,2506,66,20
guten 251,2510,71,22
und 330,2505,48,21
soliden 388,2505,86,21
Platz 484,2504,65,21
in 558,2505,24,20
der 590,2504,40,21
Haus- 639,2504,75,21
apotheke, 177,2539,122,28
überall 310,2538,89,21
im 408,2539,32,20
Lande 452,2538,78,21
herum. 541,2538,88,21
<EOS>
Max 205,2573,55,20
Zellers 269,2572,82,21
Mitarbeiterstab 360,2571,197,21
wurde 566,2571,78,21
seine 653,2571,61,21
zweite 175,2608,79,20
Familie; 271,2606,107,24
und 394,2605,47,21
wenn 459,2613,66,13
er 541,2613,23,13
zeit 581,2605,44,21
seines 642,2605,72,21
<EOS>
<EOP>
Lebens 790,166,89,21
ein 894,167,36,20
hilfsbereiter 944,166,152,21
Bruder 1112,167,89,21
allen 1216,167,59,21
sei- 1289,168,41,20
nen 788,207,47,14
Geschwistern 855,200,169,22
war, 1042,208,54,17
so 1116,208,24,13
war 1159,208,47,13
er 1224,208,23,14
nicht 1265,201,66,21
minder 789,235,90,21
aufgeschlossen 901,235,185,27
den 1107,235,45,21
Sorgen 1175,235,87,27
und 1282,235,48,21
Nöten 789,268,79,22
seiner 877,269,73,21
Mitarbeiter 959,268,144,22
gegenüber. 1113,268,136,27
<EOS>
Nicht 1260,268,70,22
umsonst 788,307,108,16
hieß 912,302,53,21
er 984,311,23,12
unter 1024,307,68,16
den 1109,302,45,21
Angestellten 1171,302,160,28
stets 789,341,58,16
nur 857,345,44,12
der 912,337,40,20
«Vater 964,336,87,21
Zeller». 1062,336,95,21
<EOS>
Seine 1171,336,65,21
soziale 1247,337,82,21
Gesinnung 792,370,133,28
ließ 942,371,45,20
ihn 1005,371,41,20
unermüdlich 1063,371,162,20
an 1243,378,30,13
der 1291,371,39,21
Schaffung 791,404,125,28
einer 940,405,61,21
Pensionskasse 1024,405,178,21
arbeiten 1226,405,104,21
und 787,439,50,20
er 847,446,22,14
ließ 878,439,45,20
nicht 932,439,65,20
locker, 1006,439,85,24
auch 1101,439,59,21
als 1170,439,31,20
dies 1212,439,47,21
seine 1269,439,61,21
finanziellen 789,472,145,22
Kräfte 957,472,84,22
fast 1063,472,48,22
zu 1134,480,28,14
übersteigen 1184,472,146,28
drohte. 789,506,89,21
<EOS>
Von 818,540,52,21
seiner 886,541,73,20
Arbeitskraft, 975,540,166,25
seiner 1158,541,73,20
Erfah- 1247,540,82,21
rung 787,582,59,19
und 857,574,48,20
seinem 917,575,85,20
feinen 1013,574,78,21
Sensorium 1103,574,132,21
für 1245,574,38,21
die 1294,574,35,21
wirtschaftlichen 788,608,207,21
Begebenheiten 1013,608,187,28
profitier- 1217,608,111,27
ten 788,646,41,17
aber 845,642,54,21
auch 916,642,59,21
eine 992,643,49,20
ganze 1057,649,71,21
Reihe 1146,642,72,21
anderer 1234,642,96,22
Unternehmungen, 789,676,232,28
denen 1035,676,75,21
er 1124,684,22,13
sich 1160,676,48,21
zur 1222,684,40,13
Ver- 1274,676,55,22
fügung 787,710,89,27
stellte. 890,710,83,21
<EOS>
So 990,710,28,21
das 1032,710,41,21
Wasser- 1086,710,101,22
und 1200,710,49,21
Elek- 1262,710,67,22
trizitätswerk, 788,744,173,24
die 977,744,36,21
Thurgauische 1028,744,172,27
Handels- 1216,744,113,21
kammer, 789,778,113,25
die 925,778,35,21
AHV 981,778,66,21
und 1069,778,49,21
schließlich 1140,778,133,21
die 1294,779,36,20
Rheinschiffahrt. 789,811,206,21
<EOS>
Familie 820,846,95,21
und 936,846,49,21
Betrieb 1008,846,93,21
hätten 1123,846,84,21
ihn 1228,846,41,21
auf 1290,846,43,21
diese 789,880,61,20
Weise 865,880,75,21
voll 955,880,47,20
ausfüllen 1018,879,114,22
können, 1146,880,101,24
wenn 1262,887,68,14
nicht 788,914,65,20
seine 864,914,60,21
Freude 935,914,89,21
an 1035,921,29,13
der 1074,914,40,21
Natur 1124,914,76,21
und 1209,914,48,21
seine 1268,914,61,21
Liebe 789,947,69,21
zur 869,955,39,13
Kreatur 919,947,102,22
ihn 1030,947,41,22
nicht 1080,947,66,22
immer 1154,948,82,21
wieder 1246,947,83,22
hinausgelockt 788,981,176,27
hätten. 980,981,89,21
<EOS>
Als 1085,981,40,21
eifriges 1141,981,89,27
Aktiv- 1245,981,83,21
mitglied 788,1014,105,28
des 907,1015,39,21
Alpenklubs 959,1015,144,27
zunächst, 1117,1015,120,25
zog 1251,1023,41,19
er 1306,1024,22,12
unzählige 788,1049,121,27
Male 925,1049,60,21
in 1000,1050,24,20
seine 1041,1050,61,20
geliebten 1118,1049,114,27
Berge, 1248,1049,80,28
und 787,1082,49,21
als 848,1083,32,20
er 892,1091,23,13
älter 927,1083,57,21
wurde, 995,1083,86,25
galten 1093,1083,78,28
die 1182,1083,36,21
Wände- 1229,1083,99,21
rungen 787,1124,89,20
dem 892,1117,53,21
Wald 962,1117,67,21
unserer 1045,1125,93,13
näheren 1154,1117,102,21
Um- 1272,1117,56,21
gebung. 788,1151,98,27
<EOS>
Dort 819,1184,59,22
war 892,1193,47,13
ihm 953,1185,49,21
die 1017,1185,35,21
Pirsch 1068,1184,79,22
sein 1162,1185,48,21
Liebstes 1224,1184,104,22
und 787,1219,49,21
die 853,1218,35,22
PPi/d/iege 908,1218,109,28
stand 1032,1219,70,21
im 1117,1219,32,21
Vordergrund 1164,1218,164,27
seiner 788,1253,73,20
ganzen 878,1261,89,19
Jagdleidenschaft. 986,1252,221,27
<EOS>
Er 1227,1252,31,21
ging 1275,1253,53,26
dieser 788,1287,73,20
lebenden 871,1287,114,20
Kreatur 996,1287,102,20
wegen 1109,1294,78,20
ins 1197,1287,35,20
Revier 1245,1287,83,20
und 787,1321,49,21
kehrte 846,1321,81,20
meist 938,1321,68,21
o/me 1017,1321,55,21
Beute 1082,1321,74,20
zurück. 1167,1321,93,20
<EOS>
Um- 1272,1320,56,21
so 788,1362,24,13
ausführlicher 830,1354,167,22
vermochte 1013,1354,133,22
er 1164,1362,23,13
zu 1204,1362,28,13
Hause 1249,1354,79,21
von 787,1396,48,13
seinen 845,1389,78,20
Naturbeobachtungen 933,1388,273,28
und 1215,1389,49,20
dem 1275,1388,53,21
vielfältigen 787,1422,143,27
Leben 940,1422,78,21
im 1026,1422,32,21
Wald 1068,1422,68,21
zu 1146,1430,28,13
erzählen. 1184,1422,112,21
<EOS>
Fast 818,1456,56,21
40 886,1457,28,20
Jahre 929,1456,70,23
lang 1011,1456,53,27
fischte 1077,1456,80,21
er 1171,1464,23,13
in 1206,1456,23,21
seinem 1242,1456,86,21
geliebten 787,1489,115,27
Necker 912,1489,89,22
im 1010,1490,32,20
Toggenburg. 1052,1490,160,27
<EOS>
Das 1223,1490,47,20
war 1280,1498,48,12
kein 787,1524,53,20
Strohfeuer, 864,1523,140,26
es 1026,1532,22,13
war 1070,1532,47,12
Ausdauer 1137,1524,121,20
und 1278,1524,49,20
Einsatz 787,1557,95,21
und 895,1558,48,20
es 957,1565,22,14
war 992,1565,47,13
für 1050,1557,37,21
ihn, 1100,1558,47,24
der 1162,1557,39,21
nie 1212,1558,38,20
mehr 1262,1557,66,21
Ferien 787,1592,81,21
machte, 881,1592,100,24
seine 995,1592,60,20
Erholung. 1068,1591,127,28
<EOS>
Er 1210,1591,31,21
setzte 1255,1596,72,16
sich 787,1626,48,20
auch 854,1626,60,20
für 931,1625,38,21
einen 988,1626,66,21
vernünftigen 1072,1625,165,27
Sport 1258,1625,70,27
ein, 787,1659,44,25
schuf 841,1659,68,21
Yacht- 918,1659,87,21
und 1015,1659,48,21
Eisclub 1074,1659,94,21
in 1178,1659,24,21
Romans- 1213,1659,113,21
horn, 786,1693,66,25
hatte 872,1693,67,21
für 958,1692,39,22
die 1017,1692,35,22
Sportler 1076,1692,102,28
stets 1199,1698,57,16
eine 1278,1693,49,21
offene 786,1726,73,22
Hand 875,1727,70,21
und 958,1726,49,22
war 1020,1735,46,13
jahrelang 1078,1726,121,27
einer 1213,1727,60,21
der 1288,1726,39,22
Tätigsten 786,1761,122,27
im 918,1761,33,20
Vorstand 962,1760,118,21
der 1092,1760,40,21
Sektion 1146,1760,94,21
Thür- 1253,1760,73,21
gau 786,1803,44,18
des 841,1794,39,21
ACS. 891,1793,63,22
<EOS>
Wenn 815,1828,76,21
er 907,1836,22,13
früher 944,1828,79,21
im 1038,1829,32,19
kleinen 1085,1828,93,21
Kreise 1194,1828,79,21
ein 1290,1829,36,20
geselliges 786,1862,115,27
Leben 915,1862,78,21
führte, 1006,1862,86,24
so 1107,1869,23,14
ging 1145,1863,53,26
er 1212,1869,22,14
später 1248,1864,79,25
mehr 785,1896,64,21
und 863,1896,49,21
mehr 926,1896,65,21
in 1005,1897,24,20
der 1044,1896,40,21
Familie 1098,1896,96,21
auf. 1209,1896,47,21
<EOS>
Sein 1273,1895,53,22
gerades 785,1930,94,27
Wesen, 900,1930,91,24
sein 1013,1930,47,21
Humor 1083,1930,90,21
und 1194,1930,49,21
seine 1265,1930,60,21
Originalität 786,1963,148,28
aber 953,1963,54,22
verschafften 1024,1963,157,22
ihm 1198,1963,48,21
zahl- 1265,1963,60,21
reiche 784,1997,75,21
Freunde, 869,1997,113,25
denen 993,1997,74,21
er 1076,2005,23,13
seiner 1108,1997,73,21
Lebtag 1190,1997,89,27
die 1289,1997,36,21
Treue 784,2031,74,21
hielt. 869,2031,63,21
<EOS>
Bleiben 815,2065,96,20
noch 919,2065,61,20
seine 990,2065,61,21
Funktionen 1058,2065,150,20
als 1218,2064,32,21
Feld- 1260,2064,65,21
weibel 784,2099,80,20
im 872,2099,32,20
ersten 914,2103,76,17
Krieg 996,2098,70,28
und 1074,2099,50,20
später 1132,2101,78,24
als 1219,2098,32,21
weiß- 1257,2098,68,21
haariger 785,2133,104,27
Luftschutzkommandant, 908,2132,320,24
die 1247,2132,36,21
er 1302,2140,23,13
wie 785,2167,41,20
alles 843,2166,54,21
mit 914,2167,43,20
größter 973,2166,93,27
Gewissenhaftigkeit 1085,2166,241,27
erfüllte. 785,2200,97,21
<EOS>
In 815,2234,28,21
den 864,2234,44,21
letzten 929,2234,86,21
Jahren 1039,2234,87,22
fand 1146,2234,56,20
er 1224,2241,23,14
neue 1267,2241,59,14
Freunde 786,2268,105,21
im 897,2268,33,20
Rotary-Club 936,2267,160,27
Kreuzlingen, 1105,2267,162,27
dem 1273,2267,53,22
er 786,2309,23,13
von 820,2309,48,13
Herzen 881,2301,91,21
zugetan 984,2305,100,23
war, 1096,2309,55,17
und 1163,2301,49,21
der 1226,2301,39,21
ihm 1277,2301,49,21
anderseits 785,2334,127,22
manche 932,2335,98,21
neue 1051,2343,58,13
Anregung 1129,2335,126,27
ver- 1275,2343,50,12
schaffte. 784,2368,105,21
<EOS>
So 816,2402,29,21
rundete 866,2403,98,20
sich 986,2403,48,20
das 1056,2403,40,20
Lebensbild 1118,2402,139,21
von 1278,2410,48,13
Max 783,2436,56,20
Zeller 860,2436,70,21
zu 952,2444,27,13
dem 1001,2436,52,21
eines 1074,2437,61,20
gütigen 1156,2437,94,26
Tat- 1270,2436,55,20
menschen, 783,2470,133,25
das 935,2470,40,21
man 993,2477,55,14
wirklich 1066,2470,103,21
als 1187,2470,32,21
ein 1238,2471,36,20
er- 1292,2477,32,14
fülltes 783,2504,78,21
Leben 878,2504,78,21
bezeichnen 971,2504,140,21
darf. 1127,2504,58,21
<EOS>
— 1201,2516,15,2
Es 1232,2504,30,20
war 1278,2511,47,13
für 783,2537,37,21
ihn 834,2537,41,22
in 888,2538,25,21
den 927,2537,45,22
letzten 986,2537,85,22
Jahren 1089,2537,87,23
eine 1191,2538,49,21
große 1255,2537,69,28
Beruhigung, 784,2571,157,27
zu 954,2580,28,12
sehen, 994,2571,78,25
wie 1085,2572,41,20
sein 1139,2572,48,20
Sohn 1201,2570,62,22
sich 1276,2571,48,21
immer 783,2605,82,21
mehr 880,2605,64,21
in 958,2606,24,20
den 997,2605,44,21
Betrieb 1057,2605,93,21
einarbeitete, 1166,2605,157,25
<EOS>
<EOP>
so 1400,174,24,14
daß 1438,167,45,21
er 1498,175,23,14
seiner 1533,168,73,21
immer 1619,168,81,21
weniger 1713,168,98,27
bedurfte. 1824,167,115,22
<EOS>
So 1402,201,28,21
hatte 1449,202,66,21
er 1533,209,23,14
auch 1574,202,59,21
das 1651,202,41,21
Schwinden 1712,202,138,21
seiner 1868,202,73,21
Kräfte 1400,235,83,22
tapfer 1501,235,76,27
und 1594,235,49,22
in 1659,236,25,21
der 1701,235,40,22
Gewißheit 1761,235,129,22
er- 1908,244,32,13
tragen, 1400,273,88,23
daß 1507,269,45,21
sein 1571,270,48,20
Lebenswerk 1637,269,153,21
auf 1808,269,42,21
festen 1864,269,75,21
Füßen 1400,303,81,21
steht 1499,304,63,20
und 1579,303,48,21
auch 1647,304,59,20
in 1724,304,24,20
Zukunft 1766,303,104,21
aufs 1890,303,50,21
beste 1400,337,64,21
verwaltet 1474,337,121,21
wird, 1606,338,64,24
bis 1681,338,34,20
der 1726,338,40,20
Tod 1776,337,49,21
ihn, 1836,338,48,24
den 1896,338,43,20
Rastlosen, 1400,371,131,25
erlöste. 1543,372,89,21
<EOS>
Max 1429,406,54,20
Zeller 1494,405,71,22
starb 1575,406,63,20
am 1649,413,38,13
11. 1698,406,33,20
<EOS>
Januar 1745,406,89,22
1954. 1845,406,63,21
<EOS>
<EOP>
Dr. 1527,522,48,24
<EOS>
Alfred 1583,521,96,25
Kramer 1692,521,120,25
Dr. 1430,598,39,20
<EOS>
Alfred 1480,597,80,21
Kramer 1580,598,98,21
wurde 1697,597,78,21
am 1793,605,38,13
6. 1851,598,18,20
<EOS>
Juni 1883,598,56,23
1886 1401,632,56,20
in 1469,632,24,20
Zürich 1505,632,83,20
geboren. 1600,632,106,27
<EOS>
Er 1720,632,31,20
besuchte 1763,631,111,21
dort 1887,632,53,20
Primarschule 1400,665,168,22
und 1578,665,48,21
Gymnasium. 1639,665,161,28
<EOS>
Dann 1812,665,69,21
stu- 1891,670,48,16
dierte 1400,699,72,22
er 1483,707,22,14
an 1516,707,31,13
den 1557,699,45,22
Universitäten 1612,699,175,22
Zürich 1798,699,83,21
und 1891,699,48,21
Berlin. 1400,733,83,21
<EOS>
Nach 1505,733,66,21
Abschluß 1590,732,119,22
der 1731,733,39,21
Studien 1792,732,97,22
im 1908,733,31,21
Jahre 1401,767,71,23
1911 1484,768,54,20
arbeitete 1551,767,112,21
er 1674,775,23,13
am 1708,775,37,12
Bezirksgericht 1756,767,183,27
Horgen, 1400,801,101,27
dann 1522,801,63,21
im 1604,802,33,19
Anwaltsbüro 1657,801,163,21
Dr. 1842,801,39,20
<EOS>
En- 1894,801,45,20
derli, 1400,835,63,24
Zürich. 1490,835,89,21
<EOS>
Dem 1607,835,59,21
zürcherischen 1693,835,175,21
An- 1893,835,46,21
waltsexamen 1399,869,166,21
1913 1572,870,56,20
folgte 1637,868,72,28
im 1717,870,32,19
gleichen 1758,869,102,27
Jahre 1869,869,70,23
die 1400,903,35,21
Wahl 1449,903,68,21
zum 1530,911,53,13
Gerichtsschreiber 1599,903,221,21
von 1833,910,47,14
An- 1893,903,46,20
delfingen. 1399,936,121,28
<EOS>
Dieses 1534,937,79,21
Amt 1626,936,56,22
versah 1694,936,84,22
er 1791,944,23,14
bis 1825,936,35,22
1919. 1875,936,63,22
<EOS>
Er 1399,971,31,20
übersiedelte 1448,970,152,21
nach 1618,970,61,21
Frauenfeld, 1698,970,145,25
wo 1863,978,34,13
er 1916,978,23,13
sich 1399,1004,48,21
bis 1455,1005,35,20
zur 1500,1013,40,12
W 1549,1005,26,20
ahl 1580,1004,38,21
ins 1626,1005,35,20
Obergericht 1672,1004,150,27
1943 1833,1005,55,20
der 1899,1004,40,21
Advokatur 1398,1039,140,20
widmete. 1561,1039,115,20
<EOS>
Obergerichtspräsi- 1703,1038,233,28
dent 1399,1073,56,21
Dr. 1466,1073,39,20
<EOS>
J. 1520,1073,21,23
<EOS>
Plattner 1553,1072,106,22
schreibt 1670,1072,100,21
über 1781,1073,57,20
ihn: 1848,1072,51,21
Dr. 1428,1107,40,21
<EOS>
Alfred 1479,1106,80,22
Kramer 1573,1107,99,21
hat 1685,1106,41,21
sein 1740,1107,48,20
ganzes 1801,1113,82,21
Le- 1897,1106,40,21
ben 1398,1140,43,22
in 1452,1140,25,21
den 1488,1140,44,22
Dienst 1543,1140,82,22
des 1636,1140,39,22
Rechtes 1687,1140,99,21
gestellt. 1797,1140,97,27
<EOS>
Er 1907,1140,31,21
begann 1397,1174,92,27
seine 1517,1174,61,21
Laufbahn 1606,1173,125,22
als 1760,1173,32,22
Gerichts- 1823,1173,114,22
Schreiber 1399,1209,114,20
am 1529,1217,38,12
Bezirksgericht 1582,1208,183,27
in 1781,1209,24,20
Andelfm- 1820,1208,117,21
gen, 1398,1250,51,19
also 1465,1242,46,21
in 1526,1242,23,20
seiner 1565,1242,72,21
engeren 1652,1250,97,19
zürcherischen 1764,1241,173,21
Heimat, 1400,1277,101,24
mit 1513,1277,43,20
der 1567,1277,39,20
er 1617,1284,23,13
sich 1651,1276,47,21
sein 1709,1277,48,20
ganzes 1767,1284,82,19
Leben 1860,1276,75,21
lang 1398,1311,53,27
immer 1468,1311,82,20
sehr 1568,1311,51,20
verbunden 1637,1310,135,21
fühlte. 1789,1310,81,21
<EOS>
Das 1890,1310,47,20
ist 1397,1345,30,20
nicht 1444,1345,65,20
sehr 1526,1345,50,21
verwunderlich, 1593,1344,190,24
wenn 1800,1351,66,13
man 1883,1351,54,13
sich 1397,1378,48,21
in 1465,1378,24,21
Erinnerung 1510,1378,145,27
ruft, 1675,1378,56,24
wie 1753,1378,40,20
sehr 1814,1377,51,21
jene 1885,1378,52,26
bäuerlichen 1397,1412,149,21
Landstriche 1560,1411,152,22
in 1726,1412,23,20
der 1765,1411,39,21
unmittel- 1818,1411,119,21
baren 1397,1446,72,21
Nachbarschaft 1478,1445,187,21
des 1675,1445,39,21
Rheinstroms 1724,1445,161,21
mit 1895,1445,43,21
ihren 1397,1480,65,21
sanften 1471,1480,92,20
Höhen 1572,1480,84,20
und 1665,1479,47,21
dem 1722,1479,53,21
Zauber 1781,1479,88,21
ihrer 1878,1479,60,20
Reben, 1399,1514,87,24
jene 1497,1515,52,26
Gegend, 1564,1513,101,27
in 1677,1514,24,19
der 1713,1513,40,21
Herbheit 1764,1513,114,21
und 1889,1513,48,20
Anmut 1396,1547,90,21
in 1505,1548,24,19
ganz 1548,1554,57,21
eigenartiger 1625,1547,150,27
Weise 1794,1546,74,21
ver- 1887,1554,49,13
flochten 1397,1582,101,20
sind, 1513,1582,58,24
seinem 1587,1582,86,20
ganzen 1688,1588,87,20
Wesen 1790,1581,83,21
ent- 1888,1585,48,16
sprach. 1397,1615,90,28
<EOS>
Die 1499,1615,42,21
Tätigkeit 1551,1615,119,27
an 1681,1622,28,13
jenem 1718,1615,78,28
ländlichen 1806,1614,131,21
Gericht, 1400,1648,100,26
das 1519,1649,40,21
aus 1577,1657,40,13
Laien 1635,1648,71,22
bestand, 1722,1648,108,25
scheint 1847,1648,90,21
ihm 1396,1682,48,21
nach 1454,1683,60,20
seinen 1523,1683,78,20
spätem 1610,1685,95,25
Erzählungen 1715,1682,161,27
sehr 1885,1681,51,22
zugesagt 1397,1721,108,23
zu 1519,1725,28,12
haben. 1560,1717,83,20
<EOS>
Es 1658,1716,30,21
müssen 1702,1718,93,19
sich 1808,1716,47,21
unter 1868,1720,68,17
jenen 1394,1751,71,27
Richtern 1487,1751,112,20
vorzügliche 1621,1750,145,27
Köpfe 1789,1749,76,28
und 1887,1749,48,21
Männer 1395,1784,97,21
von 1503,1792,48,13
großer 1562,1783,81,28
Rechtschaffenheit 1656,1783,229,21
be- 1897,1783,37,20
funden 1394,1818,89,21
haben 1494,1818,76,21
und 1581,1818,48,20
es 1641,1825,22,13
ist 1674,1818,29,20
kein 1715,1817,53,21
Zweifel, 1780,1816,97,26
daß 1889,1816,46,21
die 1396,1853,36,20
Arbeit 1444,1853,82,20
am 1538,1860,38,13
Bezirksgericht 1588,1852,183,27
Andelfingen 1783,1851,152,27
sein 1395,1886,49,21
späteres 1455,1888,101,25
Wesen 1567,1886,83,20
in 1661,1886,23,20
manchen 1696,1885,113,21
Richtun- 1821,1885,113,20
gen 1395,1927,43,19
geprägt 1449,1922,96,24
hat. 1556,1919,48,21
<EOS>
Im 1617,1919,37,21
Jahre 1666,1919,71,22
1919 1749,1919,56,21
war 1816,1926,47,13
diese 1874,1919,60,20
<EOS>
<EOP>
41 1036,2744,33,23
<EOS>
<EOP>
