2116,2962
milienausgleichskasse 213,171,333,36
ein, 571,172,53,30
ein 649,171,44,25
weiterer 716,171,126,25
Motionär 865,170,141,26
verlangt 212,211,129,34
eine 367,211,59,24
Standesinitiative 454,209,261,26
auf 742,209,50,25
Abänderung 814,208,192,34
der 213,248,48,25
Bundesverfassung 274,247,281,34
über 567,247,69,26
die 649,246,43,26
Unterstützung 706,246,227,34
ver- 945,255,59,16
armter 213,292,104,19
und 330,284,59,26
bedürftiger 403,284,174,35
Niedergelassener 591,284,259,35
und 864,284,58,25
Auf- 936,284,69,24
enthalter. 213,323,149,26
<EOS>
Diese 382,323,81,25
Motion 482,323,107,25
wird 607,323,69,24
abgelehnt. 694,322,159,34
<EOS>
Der 874,322,56,25
Rat 948,321,58,25
beginnt 213,362,116,33
mit 340,362,51,24
der 403,361,47,24
Detailberatung 461,360,236,34
des 708,360,46,25
Armengesetzes. 769,359,236,35
<EOS>
30. 150,411,42,24
<EOS>
Der 213,410,56,25
Frauenverein 287,410,206,25
Weinfelden 511,409,173,25
kann 702,409,76,24
sein 796,410,57,24
hundert- 870,408,134,25
<EOS>
<EOP>
jähriges 211,448,121,35
Bestehen 349,447,140,25
feiern. 504,447,95,25
<EOS>
30. 150,498,42,24
<EOS>
In 214,497,33,25
Altnau 261,496,106,26
stirbt 381,496,84,26
im 478,497,38,24
Alter 530,495,78,26
von 621,505,56,16
58 693,495,32,26
Jahren 742,495,106,28
Kantons- 862,494,143,26
<EOS>
<EOP>
rat 213,541,44,18
Gottfried 274,533,140,26
Somm. 432,533,104,26
<EOS>
<EOP>
Mai 151,671,62,24
1954 228,670,69,25
2. 168,747,24,23
<EOS>
In 214,746,33,24
Romanshorn 263,745,197,25
tagt 474,751,63,28
die 551,745,43,25
schweizerische 610,744,221,26
Neue 848,743,77,26
Hei- 940,743,64,26
vetische 213,783,125,26
Gesellschaft. 351,782,193,26
<EOS>
Im 555,782,44,25
Mittelpunkt 610,781,187,35
derVerhand- 808,781,197,26
lungen 213,820,102,34
stehen 331,820,97,26
innerpolitische 444,820,227,34
Probleme. 687,820,155,25
<EOS>
2. 168,870,25,25
<EOS>
In 214,870,34,24
Arbon 261,869,96,25
wird 370,869,69,25
eine 453,870,58,24
Ausstellung 526,869,180,34
«Meisterwerke 722,867,222,27
der 958,868,48,25
<EOS>
<EOP>
Graphik 217,907,125,34
und 356,907,56,24
Zeichnung 426,907,161,34
seit 599,908,52,23
1900» 666,907,88,25
eröffnet. 767,906,127,25
<EOS>
2. 168,957,25,24
<EOS>
Mit 215,956,51,24
einem 294,957,90,24
Festkonzert 413,955,182,25
begeht 623,955,103,35
die 754,955,43,25
Stadtmusik 828,954,179,26
Arbon 214,993,96,26
den 334,993,53,26
70. 411,994,43,25
<EOS>
Geburtstag 470,992,172,35
ihres 664,993,72,25
Dirigenten 760,993,165,34
und 947,992,59,25
Komponisten 216,1031,206,34
Heinrich 437,1030,133,26
Steinbeck. 586,1030,158,26
<EOS>
Als 758,1030,47,26
Gast 822,1030,69,26
nimmt 903,1031,103,24
Regierungsrat 216,1069,217,34
Dr. 453,1068,48,25
<EOS>
E. 515,1068,32,25
<EOS>
Reiber 562,1068,101,25
an 682,1078,36,15
der 737,1068,48,25
Feier 805,1068,77,25
teil, 901,1068,57,30
in 978,1068,29,24
deren 216,1107,83,25
Mittelpunkt 328,1106,185,34
eine 542,1107,59,24
Ansprache 630,1106,162,34
von 820,1115,55,15
Oberst 906,1105,101,25
E. 216,1144,32,25
<EOS>
Schmid 265,1144,113,25
aus 393,1154,48,15
St. 459,1144,40,25
<EOS>
Gallen 516,1143,96,25
steht. 627,1144,84,25
<EOS>
9. 170,1194,25,25
<EOS>
Der 216,1193,56,25
Maler 297,1191,86,27
Carl 410,1192,61,26
Roesch 497,1193,109,25
in 631,1193,28,25
Dießenhofen 686,1192,194,26
begeht 904,1192,104,34
seinen 216,1231,93,25
70. 324,1231,42,25
<EOS>
Geburtstag. 383,1229,180,35
<EOS>
9. 170,1280,25,26
<EOS>
An 216,1279,43,25
der 280,1279,47,25
thurgauischen 346,1279,219,34
Bauerntagung 586,1279,220,34
in 825,1279,28,25
Mannen- 873,1278,133,25
bach 218,1317,70,25
steht 308,1317,76,25
das 405,1317,48,25
Thema 475,1317,105,24
«Wildschäden 604,1312,216,30
und 841,1316,57,25
Jagd- 922,1315,85,35
pachten», 216,1355,151,34
über 389,1355,67,24
das 477,1355,48,24
Ständerat 549,1354,150,25
Erich 721,1354,83,25
Ulimann 829,1354,130,25
in 980,1355,27,23
Mammern 217,1391,156,26
referiert, 389,1392,133,30
im 540,1393,38,23
Mittelpunkt 596,1390,185,36
der 799,1391,48,25
Yerhand- 864,1391,143,25
lungen. 216,1430,112,34
<EOS>
10. 155,1480,41,24
<EOS>
In 218,1479,33,25
Münchwilen 263,1477,187,27
versammeln 463,1478,186,26
sich 662,1478,58,25
die 733,1478,43,25
thurgauischen 788,1477,220,35
<EOS>
<EOP>
Gemeindeammänner. 220,1516,327,26
<EOS>
Sie 573,1516,43,25
befassen 638,1516,128,25
sich 789,1516,59,25
mit 870,1516,52,25
dem 945,1516,63,25
Problem 218,1554,128,25
der 362,1554,47,25
Zwangseinbürgerungen. 423,1554,369,34
<EOS>
13. 156,1604,40,23
<EOS>
Schloß 221,1602,100,25
Oettlishausen 339,1602,208,25
ist 564,1603,36,24
von 617,1612,56,15
der 691,1602,47,25
Stadt 755,1602,83,25
Zürich 853,1602,99,25
er- 969,1611,39,15
<EOS>
<EOP>
worben 218,1640,111,25
und 345,1640,59,25
darin 422,1640,79,25
ein 519,1641,43,24
Landschulheim 577,1640,236,25
eingerichtet 827,1640,182,34
worden. 218,1677,121,26
<EOS>
16. 156,1726,40,26
<EOS>
An 218,1726,44,26
der 273,1726,47,26
thurgauischen 330,1726,219,34
Mittelstandstagung 557,1726,300,34
in 867,1727,29,24
Kreuz- 904,1726,104,25
<EOS>
<EOP>
lingen 218,1764,92,34
spricht 330,1764,103,34
alt 456,1764,38,25
Bundesrat 516,1764,159,25
R. 696,1764,33,25
<EOS>
Minger 743,1763,106,35
über 868,1764,68,25
den 957,1764,53,25
Fähigkeits 219,1797,160,39
aus 384,1811,48,15
weis, 434,1803,74,29
über 538,1802,68,25
den 636,1802,53,25
am 719,1811,46,15
20. 794,1803,43,23
<EOS>
Juni 853,1802,68,27
eine 950,1802,59,24
Volksabstimmung 218,1839,282,34
stattfindet. 515,1839,172,25
<EOS>
17. 157,1889,41,24
<EOS>
In 220,1888,33,25
Islikon 266,1888,105,25
stirbt 384,1888,83,25
im 478,1889,39,24
84. 530,1888,42,25
<EOS>
Lebensjahr 586,1888,172,34
alt 770,1888,40,25
Pfarrer 823,1888,109,25
Wil- 944,1887,65,26
<EOS>
<EOP>
heim 220,1925,74,26
Meyer 308,1924,94,35
(siehe 417,1925,84,34
Nachruf). 517,1925,149,34
<EOS>
22. 156,1975,42,24
<EOS>
In 220,1974,32,25
Romanshorn 270,1974,196,25
stirbt 482,1974,84,25
im 580,1975,38,24
Alter 634,1974,78,25
von 726,1984,56,15
68 798,1974,33,25
Jahren 850,1974,105,28
alt 972,1974,39,25
<EOS>
<EOP>
Lehrer 220,2012,102,25
Emil 336,2012,74,24
Müller, 423,2012,108,30
der 546,2012,48,25
sich 608,2012,57,25
besondere 679,2012,152,25
Verdienste 846,2011,164,26
um 220,2059,48,15
die 282,2049,42,25
Förderung 340,2049,161,34
des 516,2049,46,25
Lehrlingswesens 577,2049,249,34
im 841,2051,38,23
Kanton 894,2049,117,25
Thurgau 220,2087,131,34
erworben 367,2087,142,25
hat. 524,2087,59,25
<EOS>
22. 157,2136,42,25
<EOS>
Im 221,2135,43,25
Kreise 282,2135,96,26
des 395,2135,48,26
thurgauischen 459,2135,219,34
Handels- 696,2135,136,26
und 849,2135,59,26
Indu- 925,2135,85,25
<EOS>
<EOP>
strievereins 221,2173,175,25
spricht 422,2173,106,33
Dr. 555,2173,49,25
<EOS>
Max 617,2172,66,26
Ilde, 710,2173,68,30
Direktor 805,2173,132,25
der 964,2173,48,25
eidgenössischen 221,2211,239,34
Finanzverwaltung, 468,2211,291,34
über 770,2211,68,24
die 845,2211,43,25
Schwei- 899,2211,111,25
zerische 221,2248,119,25
Außenwirtschaft 355,2248,257,25
und 627,2248,57,25
die 699,2248,43,25
Bundesfinanzen. 757,2248,253,25
<EOS>
23. 157,2297,43,25
<EOS>
Nach 222,2296,79,26
einem 314,2298,90,24
heftig 417,2296,88,35
geführten 518,2297,147,34
Wahlkampf 679,2297,186,34
wird 875,2297,67,25
Na- 956,2297,54,25
<EOS>
<EOP>
tionalrat 220,2334,135,25
Rudolf 378,2333,108,26
Schümperli 507,2333,174,35
in 701,2335,28,24
Romanshorn 754,2334,196,26
als 972,2334,39,25
Nachfolger 222,2372,167,33
des 423,2372,47,25
verstorbenen 504,2372,200,25
Dr. 743,2372,44,25
<EOS>
A. 801,2372,33,25
<EOS>
Roth 848,2372,77,25
mit 960,2373,52,24
17 224,2410,31,24
375 268,2410,50,24
Stimmen 350,2409,136,25
zum 514,2419,63,15
neuen 605,2419,89,15
Regierungsrat 724,2410,217,33
ge- 969,2419,42,24
wählt. 221,2447,96,24
<EOS>
Auf 334,2446,59,25
seinen 406,2448,93,23
Gegenkandidaten, 518,2446,279,35
Kantonstier- 815,2447,196,25
arzt 224,2490,58,19
Dr. 296,2484,48,25
<EOS>
E. 358,2484,32,25
<EOS>
Fritschi 405,2484,119,26
entfallen 537,2484,134,26
13 687,2485,30,25
695 732,2484,49,26
Stimmen. 799,2484,147,26
<EOS>
23. 158,2533,43,24
<EOS>
In 223,2532,33,25
Arbon 273,2532,92,26
findet 379,2532,88,26
für 480,2532,44,26
den 538,2533,53,25
ins 605,2534,41,25
Obergericht 661,2533,181,34
gewählten 857,2533,155,34
<EOS>
<EOP>
Fürsprech 224,2570,154,34
R. 398,2570,33,25
<EOS>
Müller 445,2569,98,26
eine 560,2571,60,25
Ersatzwahl 639,2570,173,25
im 830,2571,39,24
Bezirks- 887,2570,124,26
gericht 224,2608,104,34
statt. 341,2614,81,18
<EOS>
Gewählt 439,2607,127,25
wird 579,2608,68,25
mit 661,2609,52,24
2999 726,2609,70,25
Stimmen 812,2608,137,25
Dr. 964,2608,48,25
<EOS>
<EOP>
Rolf 1119,168,69,27
Weber 1195,169,101,26
in 1307,170,28,25
Arbon. 1347,168,106,27
<EOS>
Auf 1465,168,60,27
seinen 1533,169,94,26
Gegenkandidaten 1642,168,271,36
Dr. 1118,207,49,26
<EOS>
K. 1181,207,37,26
<EOS>
Naef 1231,207,75,26
in 1317,208,28,24
Bern, 1360,207,83,31
entfallen 1457,207,135,26
2507 1605,207,70,26
Stimmen. 1692,207,147,26
<EOS>
24. 1053,257,43,25
<EOS>
Der 1118,257,56,25
Große 1196,256,92,26
Rat 1308,256,58,25
wählt 1384,256,88,25
zum 1491,265,64,16
neuen 1574,266,91,15
Großratspräsi- 1688,256,223,35
<EOS>
<EOP>
denten 1118,294,104,25
Gemeindeammann 1240,294,288,25
Heinrich 1543,294,135,25
Jäger 1694,294,84,34
in 1792,295,28,23
Nuß- 1835,294,77,25
bäumen. 1118,332,132,25
<EOS>
Vizepräsident 1280,331,214,35
wird 1522,332,68,25
Gemeindeammann 1623,331,290,26
G. 1121,369,32,26
<EOS>
Schmid 1169,369,113,26
in 1299,371,29,24
Fischingen. 1345,369,175,35
<EOS>
Regierungsrat 1539,370,218,34
H. 1775,369,36,26
<EOS>
Reut- 1826,370,86,25
linger 1117,407,87,35
wird 1222,407,68,26
zum 1310,417,64,16
Präsidenten 1393,407,184,26
des 1597,407,47,26
Regierungsrates 1665,407,247,34
gewählt. 1118,445,129,35
<EOS>
Zwölf 1268,445,90,26
Einbürgerungsgesuchen 1374,445,371,34
wird 1764,445,68,25
ent- 1852,451,60,19
sprochen, 1118,483,146,34
ein 1279,483,44,25
dreizehntes 1338,483,174,25
wird 1526,483,68,25
abgelehnt. 1610,483,159,34
<EOS>
Der 1785,483,56,24
Rat 1856,483,57,24
gewährt 1118,521,124,34
einen 1262,522,79,24
Kredit 1361,521,102,25
von 1482,530,56,16
9000 1558,522,69,24
Franken 1647,520,130,25
für 1795,520,45,25
den 1859,520,54,25
Landankauf 1118,558,193,25
beim 1326,559,74,24
Eichhölzli. 1420,558,163,25
<EOS>
Der 1604,558,55,25
Rechenschafts- 1679,558,233,25
bericht 1117,596,109,25
und 1238,596,58,25
die 1309,596,43,25
Rechnung 1366,596,156,34
der 1534,596,48,25
Thurgauischen 1593,596,230,34
Kan- 1836,595,76,26
tonalbank 1117,634,158,25
für 1289,634,45,25
das 1350,634,50,25
Jahr 1418,633,70,28
1953 1505,633,67,27
werden 1588,633,111,26
gutgeheißen. 1716,633,196,35
<EOS>
25. 1053,683,43,26
<EOS>
Das 1118,682,57,26
fünfte 1192,682,93,26
Schiff 1305,682,89,26
im 1407,683,39,24
Dienste 1464,682,115,26
der 1597,682,47,26
Stadt 1664,682,84,26
Konstanz 1765,682,148,26
<EOS>
<EOP>
ist 1117,721,37,25
von 1166,731,56,15
Stapel 1238,721,96,33
gelassen 1346,721,124,33
und 1483,721,58,24
auf 1554,721,52,24
den 1615,720,54,25
Namen 1682,720,110,25
«Thür- 1807,720,105,25
gau» 1118,768,75,24
getauft 1201,758,110,34
worden. 1320,758,122,25
<EOS>
Regierungspräsident 1455,758,318,34
H. 1782,758,36,24
<EOS>
Reut- 1826,758,87,24
linger 1117,797,88,33
nahm 1218,796,87,24
an 1319,805,36,15
der 1369,796,48,24
Feier 1432,795,78,25
teil. 1522,795,59,25
<EOS>
<EOP>
Juni 1054,932,72,28
1954 1141,932,70,25
1. 1074,1008,22,25
<EOS>
Aus 1118,1007,57,25
Amerika 1192,1007,133,25
trifft 1341,1007,73,25
die 1431,1007,43,25
Meldung 1491,1006,133,35
ein, 1640,1008,53,29
daß 1711,1007,55,24
dort 1784,1007,63,25
der 1864,1007,49,25
große 1119,1045,83,34
Buchhändler 1226,1045,198,24
Alfred 1446,1045,96,24
Hafner 1565,1045,108,24
im 1694,1045,39,24
Alter 1755,1044,79,25
von 1855,1054,57,15
87 1119,1083,32,24
Jahren 1174,1082,106,28
gestorben 1300,1082,149,35
ist. 1467,1083,46,24
<EOS>
Alfred 1533,1082,97,25
Hafner 1650,1082,109,25
stammte 1778,1088,134,19
aus 1119,1130,49,15
Islikon. 1184,1120,115,25
<EOS>
3. 1074,1170,23,25
<EOS>
Der 1119,1169,56,25
abtretende 1193,1169,166,25
Präsident 1378,1168,148,26
dpr 1544,1168,48,34
thurgauischen 1609,1168,220,35
Ver- 1847,1168,65,26
kehrsvereinigung, 1118,1207,276,34
Direktor 1422,1207,132,25
Heinrich 1582,1207,133,25
Hürlimann 1742,1207,171,24
in 1118,1245,29,24
Frauenfeld, 1175,1245,177,30
wird 1378,1244,69,25
zum 1474,1254,64,15
Ehrenpräsidenten 1565,1244,277,34
ge- 1869,1254,43,24
wählt. 1118,1282,96,25
<EOS>
Als 1240,1282,47,25
neuer 1315,1292,85,15
Präsident 1426,1282,147,25
wird 1599,1282,67,25
Dr. 1692,1282,48,24
<EOS>
Rolf 1755,1282,68,24
Sax, 1847,1281,66,31
Betriebsberater 1121,1320,240,25
des 1390,1320,47,25
thurgauischen 1466,1320,220,34
Gewerbever- 1719,1319,193,26
bandes 1119,1358,106,25
in 1239,1359,28,23
Weinfelden, 1282,1357,183,31
gewählt. 1481,1357,129,35
<EOS>
4. 1073,1407,25,25
<EOS>
In 1121,1406,33,25
Frauenfeld 1185,1406,168,25
finden 1384,1405,94,26
Verhandlungen 1509,1405,237,35
zwischen 1777,1405,136,27
einer 1121,1445,74,24
schweizerischen 1216,1444,243,25
und 1483,1444,56,25
einer 1561,1444,74,25
deutschen 1657,1444,154,25
Dele- 1834,1444,79,25
gation 1121,1483,96,33
über 1230,1482,69,24
die 1313,1482,43,24
Vogeljagdordnung 1372,1481,285,35
auf 1672,1482,51,24
dem 1734,1481,63,25
Unter- 1813,1481,100,25
see 1121,1529,43,15
statt. 1190,1525,80,19
<EOS>
Eine 1300,1519,69,25
neue 1394,1529,71,15
Vereinbarung 1490,1519,212,34
wird 1726,1519,68,25
unter- 1822,1525,91,19
zeichnet. 1121,1557,135,25
<EOS>
7. 1075,1604,25,23
<EOS>
Die 1122,1602,51,25
Pfingstrennen 1186,1602,214,34
in 1412,1603,28,23
Frauenfeld 1454,1602,167,25
zeigen 1634,1603,93,33
ausgezeieh- 1741,1602,172,35
nete 1120,1646,64,19
Leistungen 1208,1639,170,35
in 1400,1641,28,24
den 1452,1639,53,26
Springen 1531,1639,135,35
und 1688,1639,60,26
prächtige 1770,1639,144,35
Rennen 1123,1677,117,26
mit 1254,1678,52,24
großen 1320,1677,103,34
Feldern. 1438,1677,127,26
<EOS>
14. 1059,1724,41,24
<EOS>
Der 1123,1722,55,26
neugewählte 1187,1722,193,34
Regierungsrat 1393,1722,217,35
Rudolf 1622,1722,105,26
Schümperli 1741,1722,174,34
<EOS>
<EOP>
übernimmt 1121,1760,174,25
das 1315,1760,49,25
Baudepartement. 1385,1759,270,35
<EOS>
Als 1676,1759,47,26
sein 1744,1761,58,25
Nach- 1823,1759,90,26
folger 1121,1797,87,34
im 1221,1798,38,24
Nationalrat 1273,1797,180,26
übernimmt 1466,1797,173,26
Redaktor 1654,1797,145,26
E. 1813,1797,33,26
<EOS>
Ro- 1860,1797,53,25
del 1123,1835,44,25
in 1179,1836,28,24
Arbon 1221,1835,96,25
das 1332,1836,49,24
Mandat. 1395,1835,127,25
<EOS>
14. 1059,1881,42,24
<EOS>
Der 1123,1880,56,25
Große 1200,1880,90,25
Rat 1311,1880,57,25
fährt 1385,1880,77,25
in 1479,1881,30,24
der 1527,1880,48,25
Detailberatung 1593,1880,236,34
über 1847,1880,69,25
<EOS>
<EOP>
das 1123,1918,49,24
neue 1194,1927,71,15
Armengesetz 1288,1917,199,35
weiter. 1509,1919,104,24
<EOS>
Der 1637,1918,56,25
Geschäftsbe- 1719,1918,195,25
rieht 1122,1956,72,24
und 1210,1955,58,25
die 1285,1955,43,25
Rechnung 1345,1955,156,35
des 1517,1955,47,25
kantonalen 1580,1955,173,25
Elektrizi- 1770,1956,144,25
tätswerkes 1121,1993,165,25
werden 1303,1993,111,25
genehmigt. 1431,1993,169,34
<EOS>
20. 1058,2039,44,24
<EOS>
An 1122,2037,45,25
der 1188,2038,48,24
eidgenössischen 1257,2037,241,35
Volksabstimmung 1518,2037,283,36
wurde 1820,2038,95,25
<EOS>
<EOP>
der 1124,2075,47,26
Bundesbeschluß 1195,2075,249,26
über 1466,2075,69,26
den 1558,2075,53,26
Fähigkeitsausweis 1635,2076,280,34
und 1123,2112,58,26
die 1192,2112,43,26
Auslandschweizerhilfe 1246,2112,344,26
verworfen. 1600,2109,164,29
<EOS>
Im 1778,2113,42,25
Thür- 1827,2113,88,25
gau 1124,2160,52,24
stehen 1198,2151,97,24
beim 1317,2151,73,24
Fähigkeitsausweis 1412,2151,280,33
den 1713,2151,54,25
9081 1788,2151,68,26
Ja 1880,2151,35,27
18078 1125,2189,87,24
Nein 1229,2188,71,25
gegenüber, 1319,2188,165,34
bei 1501,2188,46,25
der 1564,2188,47,25
Auslandschweizer- 1628,2188,287,25
hilfe 1124,2225,65,25
den 1202,2225,54,25
11 1271,2226,29,24
119 1317,2226,50,25
Ja 1383,2226,34,27
15 1433,2226,30,24
344 1477,2226,51,24
Nein. 1542,2225,81,25
<EOS>
In 1637,2226,33,24
der 1683,2226,48,24
kantonalen 1743,2226,172,24
Abstimmung 1126,2263,199,34
über 1342,2263,69,25
den 1428,2263,54,25
Kredit 1501,2263,101,26
von 1619,2272,57,17
1,55 1696,2263,58,31
Millionen 1774,2263,142,26
Franken 1124,2300,130,26
für 1274,2300,44,25
den 1339,2300,54,26
Ausbau 1414,2300,116,26
der 1551,2300,48,26
thurgauisch-schaff- 1618,2301,297,34
hausischen 1124,2338,166,25
Heilstätte 1307,2338,154,25
in 1477,2339,28,24
Davos 1522,2338,95,25
stehen 1633,2338,98,26
den 1748,2338,54,25
21 1819,2339,31,24
469 1864,2338,52,26
Ja 1126,2376,35,28
5541 1177,2376,68,24
Nein 1261,2376,71,25
gegenüber. 1347,2376,165,34
<EOS>
20. 1060,2421,42,25
<EOS>
Die 1124,2421,51,24
Schulgemeinde 1195,2420,230,34
Frauenfeld 1444,2421,167,25
bewilligt 1628,2421,132,33
mit 1778,2422,51,24
1235 1848,2421,67,25
<EOS>
<EOP>
Ja 1127,2458,35,28
gegen 1175,2468,86,24
904 1275,2459,51,25
Nein 1339,2458,72,25
einen 1424,2460,81,23
Kredit 1518,2458,102,25
von 1632,2468,56,15
150 1703,2459,50,24
000 1766,2460,51,23
Fran- 1831,2459,84,24
ken 1124,2496,54,25
für 1194,2496,45,25
die 1256,2496,43,25
Erweiterung 1316,2495,193,35
des 1526,2496,46,25
Oberwiesenschulhau- 1590,2495,325,26
ses. 1124,2543,51,16
<EOS>
- 1190,2548,17,2
In 1221,2533,33,25
Arbon 1263,2533,97,25
wird 1369,2533,68,26
ein 1451,2534,43,25
Kreditbegehren 1506,2533,242,35
von 1757,2543,56,16
97 1824,2534,33,25
000 1865,2534,52,25
Franken 1125,2570,130,26
für 1273,2570,44,26
den 1337,2571,52,25
Umbau 1410,2570,113,26
der 1543,2571,47,25
Heizung 1610,2570,127,35
im 1755,2572,38,24
Schloß 1815,2570,101,26
mit 1124,2609,53,24
941 1190,2609,50,25
Nein 1255,2608,72,25
gegen 1339,2618,86,24
712 1439,2609,50,25
Ja 1505,2609,36,27
verworfen. 1554,2609,163,25
<EOS>
<EOP>
54 1019,2746,33,26
<EOS>
<EOP>
