2116,2962
nierte 200,166,73,21
den 294,166,45,21
jungen 357,167,88,27
Wissenschafter 466,167,193,22
weit- 678,168,63,21
gehend 201,200,89,28
zu 300,208,29,13
seinem 338,201,86,21
späteren 434,203,108,25
Amt 551,201,57,21
als 618,201,32,21
Schul- 663,201,78,22
inspektor, 199,235,129,27
da 340,235,29,20
er 380,242,23,14
sich 413,235,48,21
buchstäblich 472,235,163,21
in 644,235,25,21
jeder 677,235,65,27
Stufe 202,268,66,22
und 284,268,50,21
Richtung 351,268,119,28
auskannte. 487,269,137,21
<EOS>
Wissen- 642,269,99,21
schaftlich 201,302,122,21
gedachte 339,302,112,27
sich 467,303,49,20
der 531,303,40,21
1909 588,304,55,20
an 660,311,30,13
die 705,303,37,21
Thurgauische 200,335,173,29
Kantonsschule 409,336,188,22
berufene 632,336,109,22
Doktor 200,370,91,21
ebenfalls 308,370,110,21
zu 436,378,27,13
betätigen; 480,371,130,27
denn 629,371,61,21
so- 707,378,34,13
gleich 200,404,73,28
meldete 293,404,100,22
er 413,412,24,14
sich 456,405,49,21
als 525,405,32,21
Mitglied 577,405,105,28
der 702,405,40,22
Thurgauischen 200,439,190,27
Naturforschenden 406,439,232,22
Gesell- 658,439,83,22
schaft. 199,472,84,21
<EOS>
Neben 294,472,81,22
seiner 384,472,73,22
Arbeit 466,472,82,22
als 558,472,31,22
Lehrer 599,472,85,22
und 693,472,47,22
anfangs 200,506,96,27
auch 311,506,60,21
als 384,505,32,22
Konviktführer 430,506,187,21
fand 629,506,57,21
Dr. 700,507,40,20
<EOS>
Tanner 199,540,91,21
noch 306,540,61,20
Zeit 382,540,50,21
für 446,540,37,21
eigene 500,541,77,27
Studien, 595,540,105,26
so 716,549,25,12
daß 199,574,46,21
er 257,582,22,13
bald 290,574,55,21
in 354,574,24,20
den 389,574,44,21
Vorstand 443,574,118,21
dieser 572,575,73,21
Gesell- 657,574,84,22
schaft 199,608,76,21
berufen 290,608,96,21
wurde. 400,608,85,21
<EOS>
Er 501,609,32,20
war 547,616,47,13
bis 607,609,36,20
zu 657,616,28,13
sei- 700,609,40,20
nem 200,649,52,14
Tode 273,642,63,21
Redaktor 359,643,120,20
ihrer 500,643,60,21
Vereinshefte 581,642,160,22
und 199,676,47,21
an 258,684,30,13
die 299,676,35,22
dreißig 346,676,87,28
Jahre 446,676,71,23
Vorsitzender 527,676,164,22
der 702,676,39,22
Naturschutzkommission 200,710,310,22
<EOS>
An 530,710,36,21
der 576,710,39,22
Kantons- 622,710,118,22
schule 198,744,79,21
hatte 289,744,67,21
er 367,752,24,13
sich 402,744,49,21
inzwischen 461,744,139,21
gut 612,748,42,23
einge- 666,744,74,28
lebt. 199,778,55,21
<EOS>
Zu 272,778,33,21
seinem 322,778,87,21
anfänglichen 426,778,162,28
Unterricht 605,778,136,21
an 199,820,30,13
der 239,812,40,21
Handelsschule 289,812,183,21
trat 483,817,48,16
bald 540,812,54,21
ein 605,813,37,20
zusätz- 652,814,88,19
licher 198,846,70,21
an 286,854,30,13
den 334,846,44,21
untern 395,851,85,17
Klassen 499,846,99,21
der 616,847,39,20
Real- 674,846,67,21
abteilung. 199,880,126,28
<EOS>
«Es 351,881,45,20
gab 418,881,44,27
im 484,881,32,20
Verlaufe 538,880,108,22
seiner 668,881,73,20
Lehrtätigkeit 199,914,171,27
wohl 386,914,60,21
kaum 463,914,73,21
ein 553,914,36,22
Schulfach, 609,914,131,24
in 197,949,25,20
dem 236,948,54,21
er 304,956,23,13
nicht 340,948,66,21
für 420,948,37,21
kürzere 471,948,95,21
oder 581,948,54,21
längere 649,947,91,28
Zeit 199,982,49,21
unterrichtet 257,982,156,21
hätte.» 422,982,92,21
<EOS>
Dies 525,982,54,21
ist 588,982,32,20
die 630,982,35,21
Fest- 676,982,64,21
Stellung 198,1016,100,27
des 318,1015,38,22
Vorstehers 374,1016,137,21
des 530,1016,39,21
Erziehungs- 588,1016,152,27
departementes, 199,1050,196,28
als 411,1050,33,21
Dr. 461,1050,39,21
<EOS>
Tanner 511,1051,93,20
im 619,1051,32,20
Jahre 670,1050,70,24
1943 203,1085,53,21
vom 264,1092,56,13
Lehramt 329,1085,111,20
zurücktrat. 449,1084,143,22
<EOS>
Es 602,1084,31,21
ist 642,1085,30,20
nach 680,1084,60,21
all 199,1118,30,21
dem 237,1118,53,22
Gesagten 301,1118,116,28
sicher 427,1118,73,22
erstaunlich, 509,1118,148,25
wie 666,1118,42,21
er 717,1126,23,13
noch 198,1152,61,21
Zeit 270,1152,50,22
fand, 329,1152,66,26
nicht 406,1152,66,21
nur 482,1161,44,12
seinen 537,1152,79,21
Pflichten 627,1152,113,21
als 199,1186,32,21
Inspektor 245,1186,124,27
nachzugehen, 381,1186,174,27
sondern 568,1186,100,21
auch 681,1186,59,21
in 198,1221,24,20
mehreren 230,1220,121,21
Fächern 359,1220,105,21
der 473,1220,40,21
Kaufmännischen 522,1220,218,21
Fortbildungsschule 198,1254,247,28
zu 465,1262,27,13
unterrichten 511,1254,161,21
und 691,1255,48,20
Mitglied 198,1288,105,28
der 323,1288,40,21
Primarschulvorsteherschaft 384,1288,356,21
Frauenfeld 198,1322,139,22
zu 357,1330,29,13
sein. 406,1322,55,21
<EOS>
In 483,1322,28,21
diesem 531,1322,86,21
Arbeits- 636,1322,103,21
pensum 198,1364,98,19
noch 311,1356,61,21
nicht 385,1356,66,21
inbegriffen 466,1356,137,27
sind 618,1356,51,21
zwei 685,1356,54,22
Gebiete, 201,1390,103,25
die 318,1390,36,21
ihm 367,1389,49,22
Herzenssache 430,1390,172,21
waren. 616,1398,83,13
<EOS>
Am 228,1424,45,21
.10. 285,1425,34,20
<EOS>
Juni 333,1424,56,24
1916 401,1424,55,22
wurde 467,1424,79,22
Dr. 557,1425,39,20
<EOS>
Tanner 608,1425,91,20
an 710,1432,30,13
Stelle 201,1458,68,21
des 291,1458,39,21
weggezogenen 351,1466,181,19
Kantonsschul- 554,1458,184,21
lehrers 197,1492,85,21
Dr. 305,1492,40,21
<EOS>
Matter 356,1492,86,21
zum 465,1500,52,13
Sekundarschul- 542,1492,196,21
inspektor 197,1526,121,27
gewählt. 332,1526,107,27
<EOS>
Nach 454,1526,68,21
Wissen, 535,1526,97,25
Ausbil- 648,1526,90,21
dung 198,1560,63,28
und 284,1560,49,21
Tätigkeit 356,1560,118,28
als 498,1560,31,21
Kantonsschul- 554,1560,185,21
lehrer 197,1593,74,22
war 287,1602,47,13
er 351,1602,22,13
sicher 389,1593,73,22
der 478,1593,40,22
geeignete 534,1594,118,27
Mann 667,1593,72,22
dazu. 198,1628,67,21
<EOS>
Das 284,1628,45,20
haben 342,1627,77,21
während 433,1627,110,21
38 558,1628,26,20
Jahren 601,1627,87,24
die 704,1627,35,21
Examenbesucher 198,1661,219,22
immer 433,1662,83,21
wieder 532,1662,83,21
erfahren 632,1661,107,22
können; 197,1696,105,24
denn 315,1696,61,21
nicht 387,1696,66,20
nur 464,1703,44,13
war 519,1703,47,13
der 578,1696,40,21
Herr 631,1696,58,20
In- 702,1696,37,20
spektor 197,1730,95,27
imstande, 304,1730,124,24
selber 442,1729,74,22
in 527,1730,25,20
fast 564,1730,47,20
allen 625,1730,58,21
Fä- 697,1730,42,20
ehern 198,1764,70,21
zu 285,1771,28,14
prüfen, 331,1763,91,28
er 440,1771,23,14
wußte 481,1763,78,22
zudem 577,1764,83,21
seine 678,1764,61,21
Examenlektionen 199,1797,225,22
in 441,1798,25,21
stofflicher 484,1797,128,22
Hinsicht 632,1797,108,22
gerade 198,1831,82,28
auch 298,1831,60,21
für 373,1831,38,22
die 428,1831,36,22
Zuhörer 482,1831,101,22
interessant 599,1831,140,22
zu 198,1874,28,12
gestalten. 238,1864,121,29
<EOS>
Mußte 371,1864,82,22
der 465,1865,40,21
Lehrer 516,1865,84,21
prüfen, 612,1865,91,27
so 715,1873,23,13
waren 197,1907,77,13
diesem 283,1899,86,21
die 378,1899,36,21
weitgespannten 420,1899,199,28
Themata 625,1899,114,20
sicher 198,1933,72,21
frühzeitig 280,1933,124,27
zugestellt 415,1932,121,28
worden, 545,1933,102,24
und 656,1932,49,21
er 716,1941,23,12
durfte 198,1967,77,21
es 285,1974,22,14
auch 319,1966,59,22
wagen, 388,1974,87,20
einmal 486,1967,85,21
davon 582,1967,78,20
abzu- 670,1967,68,20
gehen. 198,2002,80,27
<EOS>
Auch 292,2001,67,21
bei 372,2001,37,21
den 422,2001,45,21
Schulbesuchen 482,2001,189,21
krit- 682,2001,56,20
telte 197,2035,57,22
er 265,2043,22,13
nicht 296,2035,66,21
an 373,2042,28,13
Kleinigkeiten 412,2035,172,27
und 594,2035,48,21
Äußer- 651,2031,87,25
lichkeiten 197,2069,126,21
herum, 333,2068,89,25
sondern 433,2068,100,22
war 543,2076,46,14
nachher 599,2068,102,22
zu 711,2076,28,13
einer 198,2103,61,21
Besprechung 268,2102,164,27
bereit 441,2102,74,21
und 523,2102,49,21
pflegte 581,2102,84,27
dann 676,2102,63,21
in 196,2137,25,20
der 229,2136,40,21
Regel 279,2136,71,27
die 358,2136,36,20
positiven 402,2136,117,26
Seiten 529,2135,78,21
hervorzu- 616,2135,121,21
heben. 197,2171,82,21
<EOS>
Sein 302,2170,54,21
ausgesprochener 377,2170,208,27
Gerechtig- 607,2169,131,28
keitssinn 196,2204,114,21
ließ 323,2203,45,21
ihn 382,2204,40,20
allerdings 437,2203,122,28
auch 573,2203,59,21
ab 647,2203,29,21
und 689,2203,48,20
zu 197,2246,28,13
den 242,2238,44,21
Finger 303,2238,83,27
auf 403,2237,42,21
eine 459,2238,49,20
Stelle 527,2237,69,21
legen, 612,2237,73,27
die 703,2237,35,21
seiner 197,2272,74,21
Meinung 286,2272,109,27
nach 411,2271,61,21
nicht 486,2271,66,21
ganz 567,2278,59,20
in 640,2272,25,19
Ord- 681,2270,56,22
nung 196,2313,64,20
war. 267,2313,52,14
<EOS>
Daß 330,2305,52,21
dies 392,2305,47,21
nicht 448,2305,65,21
immer 521,2305,82,21
angenehm 610,2305,127,27
ist, 196,2341,39,24
weiß 246,2339,58,22
jeder, 314,2339,72,27
der 400,2338,39,22
schon 450,2338,72,22
in 532,2339,24,20
die 568,2338,36,22
Lage 616,2338,60,28
ver- 687,2346,50,14
setzt 197,2378,60,17
war, 273,2381,55,17
fremde 345,2372,88,22
Leistungen 451,2373,141,26
beurteilen 609,2372,128,22
zu 198,2416,28,13
müssen. 238,2410,100,19
<EOS>
Aber 351,2407,61,21
es 425,2415,22,13
ist 459,2407,30,20
nötig, 501,2407,73,27
und 586,2407,48,20
gottlob 647,2406,90,28
gibt 198,2442,49,28
es 258,2449,22,14
noch 290,2441,61,21
Inspektoren, 362,2440,160,27
die 534,2440,36,21
den 581,2440,45,21
Mut 635,2440,52,20
da- 699,2440,38,20
zu 198,2483,28,14
aufbringen, 237,2475,146,27
sind 395,2474,50,21
sie 456,2475,32,20
es 500,2482,22,13
dann 533,2474,63,21
doch 608,2474,59,21
auch 678,2473,59,21
wieder, 197,2510,91,24
die 300,2509,35,21
anderseits 347,2508,126,21
der 484,2508,40,21
Schul 537,2507,69,22
vor 607,2515,42,13
st 651,2512,21,16
eher- 675,2507,62,22
schaft 198,2543,75,22
gegenüber 296,2543,129,27
den 449,2542,44,21
Mut 516,2541,51,21
aufbringen, 591,2541,146,28
sich 198,2577,48,21
in 257,2577,25,21
ideellen 294,2576,96,22
und 403,2576,48,21
materiellen 464,2576,143,21
Belangen 620,2575,117,28
für 196,2611,39,21
den 247,2611,44,20
Lehrer 304,2610,85,21
einzusetzen. 401,2610,152,21
<EOS>
In 568,2609,28,21
dieser 609,2609,73,22
Be- 694,2609,43,22
<EOS>
<EOP>
ziehung 811,167,97,27
hat 930,167,41,20
Dr. 993,167,40,20
<EOS>
Tanner 1044,166,91,21
seine 1157,166,61,21
wohlwol- 1239,166,114,21
lende 810,201,67,21
Einstellung 889,200,146,28
der 1046,200,40,21
Lehrerschaft 1098,200,163,21
gegen- 1272,208,80,20
liber 810,235,58,22
mehrfach 883,235,120,21
unter 1018,239,69,17
Beweis 1106,235,84,21
gestellt. 1207,234,98,28
<EOS>
Er 1322,235,32,20
mußte 811,268,81,22
selber 904,268,73,22
noch 989,268,60,22
schmunzeln, 1061,268,157,25
als 1231,268,32,21
er 1276,276,23,14
mir 1310,269,43,21
erzählte, 811,303,109,25
wie 930,303,41,20
er 981,311,23,12
der 1013,302,40,21
Behörde 1063,302,105,21
eines 1179,303,60,20
verdien- 1248,302,104,21
ten 810,342,41,16
Kollegen 860,337,114,27
während 982,337,109,20
des 1102,337,38,20
Examens 1150,336,117,21
hinter 1276,336,77,22
dem 811,371,53,21
Ofen 879,371,59,21
beliebt 953,371,87,21
gemacht 1054,371,108,27
habe, 1176,371,68,24
die 1260,371,35,21
Be- 1310,371,43,21
soldung 811,405,97,28
zu 927,412,29,14
erhöhen. 974,405,108,21
<EOS>
So 1103,405,29,21
hat 1150,405,42,21
Dr. 1211,405,40,21
<EOS>
Tanner 1262,405,91,21
jahrzehntelang 813,439,189,28
eine 1018,439,50,21
hingebungsvolle 1082,439,207,28
und 1305,439,47,21
segensreiche 811,473,156,27
Arbeit 985,473,82,21
zum 1085,481,52,13
Wohle 1156,472,81,22
des 1256,472,39,22
Se- 1315,472,37,22
kundarschulwesens 812,507,245,21
geleistet. 1071,506,112,28
<EOS>
Er 1198,507,32,20
nahm 1243,507,73,21
es 1330,515,22,13
aber 812,541,54,21
auch 878,541,59,21
genau 948,549,76,19
mit 1035,541,43,20
seiner 1090,541,72,21
Pflicht. 1174,541,92,20
<EOS>
Als 1278,541,39,21
er 1330,549,23,13
schon 811,575,71,21
lange 898,574,67,28
seine 981,575,61,21
Lehrtätigkeit 1059,575,171,28
aufgege- 1246,575,106,28
ben 811,610,44,20
hatte, 866,609,75,24
pflegte 952,609,84,28
er 1048,617,23,13
häufig 1080,609,79,28
- 1169,621,15,2
Sommer 1196,609,104,21
wie 1311,610,41,20
Winter 812,643,89,21
- 910,656,15,1
auf 935,643,41,21
den 985,643,44,21
ersten 1039,648,76,16
Zug 1126,643,47,28
zu 1184,651,28,13
gehen, 1222,643,80,28
um 1312,651,40,13
irgend 810,677,81,28
eine 907,677,49,22
Schule 974,677,82,22
seines 1072,678,72,21
Rayons 1161,677,95,27
zu 1272,685,28,14
he- 1314,677,38,22
suchen. 810,711,93,21
<EOS>
Wohl 916,711,69,21
schien 995,711,79,21
es 1085,719,22,13
dem 1119,711,54,21
Departement 1184,711,168,27
geboten, 811,745,107,27
ihn 928,745,41,21
mit 979,745,43,21
der 1033,745,39,21
Zeit 1083,745,50,21
zu 1143,754,28,12
entlasten, 1182,745,123,25
die 1316,745,36,21
Aufsicht 813,779,106,21
über 940,779,56,21
die 1016,779,36,21
Landerziehungsheime 1073,779,278,28
Glarisegg 813,813,117,28
und 944,814,48,20
Kefikon 1008,813,101,21
hat 1123,813,42,21
er 1179,821,23,13
bis 1216,813,35,21
zidetzt 1267,813,85,21
innegehabt. 811,847,147,28
<EOS>
Bis 841,881,39,21
zuletzt 900,881,86,22
war 1005,889,47,13
Dr. 1074,881,37,22
<EOS>
Tanner 1122,881,91,22
auch 1233,881,60,21
eif- 1312,881,39,22
riges 809,915,59,28
Mitglied 892,914,105,28
der 1023,915,40,21
Abstinenzbewegung. 1086,914,264,28
<EOS>
Seinem 813,949,90,21
ganzen 926,957,88,20
Wesen 1037,949,84,21
entsprach 1145,949,123,27
auch 1292,949,59,21
hier 810,983,49,21
eine 875,984,49,20
kämpferische 939,983,170,28
Haltung. 1126,983,113,28
<EOS>
Er 1256,983,31,21
half 1302,983,52,21
in 809,1018,24,20
Frauenfeld 847,1017,139,22
die 1000,1018,36,21
Loge 1050,1018,61,27
Murg 1124,1017,67,28
der 1206,1018,39,20
Schwei- 1258,1017,92,22
zerischen 810,1051,116,22
Guttempler 941,1051,147,28
gründen. 1100,1052,111,27
<EOS>
Innerhalb 1225,1052,125,20
dieses 810,1085,72,22
Ordens 893,1085,88,22
stieg 991,1085,58,28
er 1059,1093,24,14
mit 1091,1085,44,21
der 1146,1085,38,22
Zeit 1195,1085,49,22
bis 1253,1085,35,22
zum 1298,1093,53,13
schweizerischen 809,1119,202,21
Großtempler 1040,1119,161,27
auf, 1229,1119,47,25
und 1301,1119,49,21
1933 811,1154,56,21
wurde 879,1153,78,22
er 969,1162,22,13
sogar 1003,1161,66,20
in 1080,1154,24,20
die 1116,1154,35,20
Weltexekutive 1163,1153,187,21
berufen, 809,1188,105,25
in 925,1189,25,20
der 962,1188,40,21
er 1013,1195,24,14
schließlich 1048,1188,133,21
das 1193,1188,41,21
Amt 1245,1187,58,21
für 1313,1188,38,21
Erziehung 809,1222,132,27
und 950,1222,49,21
Unterricht 1010,1222,136,21
ausübte. 1157,1221,106,22
<EOS>
Wenn 1276,1221,74,21
er 809,1264,23,13
sich 842,1256,49,21
1952 902,1256,56,22
auch 969,1256,60,21
hier 1038,1256,48,21
vom 1096,1263,55,14
aktiven 1162,1256,95,21
Dienst 1267,1256,83,20
zurückzog, 809,1289,138,28
so 959,1298,25,13
behielt 996,1289,87,22
er 1095,1297,23,14
doch 1130,1289,60,22
die 1202,1289,36,22
Leitung 1251,1289,99,28
der 809,1324,40,21
Alkoholfreien 860,1323,173,22
Volkshäuser 1045,1323,156,22
in 1212,1324,24,20
Frauen- 1249,1323,100,22
feld, 809,1358,55,25
um 877,1367,42,12
die 934,1358,35,21
er 985,1366,23,13
sich 1022,1358,48,21
ebenfalls 1085,1358,110,21
große 1211,1357,69,28
Ver- 1295,1357,54,22
dienste 809,1392,89,21
erworben 910,1392,118,21
hat. 1039,1392,49,20
<EOS>
Das 839,1427,47,20
Bild 906,1427,52,20
des 979,1427,38,20
Menschen 1036,1426,125,21
Tanner 1179,1426,93,21
wäre 1289,1428,61,19
aber 809,1460,55,21
auch 881,1460,60,21
jetzt 957,1461,60,26
noch 1034,1460,60,21
immer 1111,1460,82,21
nicht 1210,1460,65,20
voll- 1293,1459,56,21
ständig, 809,1494,99,27
würden 919,1494,95,22
wir 1024,1494,40,21
nicht 1074,1494,65,21
auch 1149,1494,59,21
noch 1218,1494,60,21
seine 1288,1494,61,21
<EOS>
<EOP>
bewußt 808,2303,95,21
christliche 918,2303,130,21
Grundhaltung 1066,2303,179,27
erwäh- 1262,2303,85,21
nen. 806,2344,53,14
<EOS>
Wohl 875,2337,68,21
den 958,2337,44,21
meisten 1017,2338,97,20
ist 1129,2338,30,20
bekannt, 1173,2337,113,24
daß 1302,2337,45,21
Inspektor 808,2371,123,27
Tanner 947,2372,92,20
nicht 1053,2371,65,21
nur 1134,2379,44,13
langjähriges 1192,2371,155,27
Mitglied 809,2405,102,27
der 930,2405,39,21
evangelischen 987,2405,175,27
Synode 1183,2405,92,27
war, 1293,2412,54,17
sondern 807,2438,99,22
auch 924,2438,58,22
eine 1000,2439,49,21
Zeitlang 1066,2438,104,28
deren 1187,2438,69,22
Präsi- 1273,2438,73,22
dent. 807,2472,63,21
<EOS>
Aber 888,2472,62,21
nur 967,2481,44,12
wenigen 1028,2473,102,27
dürfte 1148,2472,78,21
bekannt 1243,2472,105,21
sein, 807,2507,55,24
daß 882,2506,45,21
er 947,2515,23,12
selber 989,2507,73,20
ein 1080,2507,37,20
gläubiger 1135,2506,118,28
Christ 1273,2506,75,21
war, 807,2548,53,17
der 877,2540,39,21
seine 932,2541,61,21
Bibel 1008,2541,67,21
kannte 1090,2541,88,20
und 1192,2540,49,21
aus 1257,2548,40,13
ihr 1312,2540,36,20
Stärkung 809,2574,117,28
schöpfte. 938,2575,113,27
<EOS>
Auch 1063,2574,67,22
als 1143,2574,31,21
ihn 1186,2575,41,20
kurz 1238,2575,57,20
vor 1306,2582,41,13
seinem 807,2609,85,21
Tode 914,2609,63,22
eine 1000,2609,49,22
Schwäche 1073,2609,123,22
ans 1219,2616,40,14
Haus 1282,2609,65,20
<EOS>
<EOP>
fesselte, 1422,166,100,26
besuchte 1532,167,111,22
er 1654,175,23,14
am 1688,176,38,13
allerletzten 1737,168,143,22
Sonn- 1891,167,72,22
tag, 1422,206,49,23
den 1490,202,44,21
er 1553,209,23,14
noch 1593,202,61,21
auf 1672,202,42,21
Erden 1730,202,78,22
verbringen 1825,202,139,27
durfte, 1423,234,86,27
den 1530,235,45,22
Gottesdienst. 1598,235,166,22
<EOS>
«Der 1789,236,62,21
ist 1870,236,32,21
wie 1922,235,42,22
ein 1423,269,36,21
Baum, 1466,269,83,25
gepflanzt 1559,269,116,27
an 1684,277,29,13
den 1722,269,44,21
Wasserbächen, 1773,269,190,25
der 1423,303,39,21
seine 1472,303,60,21
Frucht 1543,303,88,21
bringt 1639,304,79,27
zu 1727,312,28,12
seiner 1765,304,73,21
Zeit, 1847,303,58,25
und 1915,303,48,21
seine 1422,337,61,21
Blätter 1495,337,91,21
verwelken 1596,337,130,21
nicht 1736,338,65,20
; 1807,345,5,17
und 1824,338,48,20
was 1883,345,47,13
er 1941,345,23,13
macht, 1422,372,88,24
das 1520,372,40,21
gerät 1570,374,64,26
wohl.» 1643,372,84,21
<EOS>
(Aus 1737,371,57,29
einem 1804,373,75,21
Nach- 1887,372,76,21
ruf 1422,405,40,22
eines 1470,406,60,21
ehemaligen 1541,406,142,27
Schülers 1695,406,105,21
und 1811,406,48,21
spätem 1869,408,94,25
Kollegen). 1424,439,128,28
<EOS>
<EOP>
Ernst 1534,528,83,26
Emil 1629,528,74,26
Schlatter 1717,528,136,26
Ernst 1453,605,70,21
Emil 1555,605,61,21
Schlatter 1650,605,115,22
gehörte 1797,605,94,27
der 1924,605,39,22
schaffhausischen 1422,639,214,21
Familie 1646,639,95,21
Schlatter 1753,638,116,22
an. 1879,647,36,13
<EOS>
Da 1927,640,36,20
aber 1422,673,55,21
bereits 1488,673,85,21
seine 1587,673,61,21
Eltern, 1661,673,88,25
Eduard 1764,673,94,20
Schlat- 1874,672,88,22
ter 1423,711,33,17
und 1476,707,49,21
Albertine 1544,706,120,22
Jaeper, 1687,707,92,27
nach 1798,707,61,21
Zürich 1880,707,82,21
übersiedelt 1423,741,138,21
waren, 1576,748,84,17
wurde 1676,741,78,21
diese 1770,741,61,21
Stadt 1849,740,70,22
zu 1935,749,27,13
seiner 1422,776,72,20
Jugendheimat. 1513,775,190,28
<EOS>
Am 1720,775,46,21
27. 1783,776,35,20
<EOS>
November 1830,775,132,21
1883 1427,809,51,22
geboren, 1493,809,106,28
wuchs 1613,809,78,21
Ernst 1704,809,71,21
Schlatter 1791,809,115,21
mit 1919,809,44,21
fünf 1421,843,55,21
Geschwistern 1495,843,169,21
in 1682,843,25,21
Zürich-Unterstraß 1726,843,235,21
auf 1422,877,42,21
und 1476,877,49,21
besuchte 1540,877,112,21
die 1668,877,35,21
städtische 1720,877,127,21
Primär- 1863,877,99,21
und 1421,911,48,21
Sekundärschule. 1487,910,206,22
<EOS>
Sein 1712,910,52,22
Vater 1780,911,72,21
war 1866,919,47,12
als 1930,910,31,22
Schlossermeister 1423,945,210,21
tätig. 1667,945,67,27
<EOS>
Seine 1772,944,66,22
Mutter 1873,945,88,21
führte 1420,979,78,21
neben 1506,979,76,21
dem 1591,979,52,21
Haushalt 1649,979,117,21
ein 1775,979,36,21
Bettwaren- 1818,979,142,21
geschäft. 1421,1013,111,28
<EOS>
Der 1546,1013,46,21
Knabe, 1604,1013,93,24
als 1710,1013,32,21
drittältester 1755,1013,154,21
der 1922,1013,39,21
Kinderschar, 1423,1046,162,26
wurde 1595,1047,78,21
ausgiebig 1684,1046,117,28
zur 1811,1055,40,13
Mithilfe 1860,1046,100,22
beigezogen 1422,1082,137,27
und 1566,1081,49,21
gewöhnte 1624,1081,120,28
sich 1753,1081,49,21
früh 1809,1081,55,21
an 1873,1089,29,13
eine 1912,1081,48,21
arbeitsfreudige, 1421,1115,198,27
die 1648,1115,36,21
Zeit 1714,1115,50,21
ausnützende, 1792,1115,167,25
haushälterische 1420,1149,198,21
Lebensweise. 1642,1149,163,21
<EOS>
Allerdings 1830,1148,129,28
wurde 1419,1183,79,21
bereits 1506,1183,85,21
damals 1601,1183,89,21
der 1700,1183,39,21
höher 1748,1183,71,21
strebende, 1829,1183,129,24
der 1420,1218,40,21
Welt 1483,1217,61,21
des 1568,1217,38,21
Schönen 1632,1217,105,21
aufgeschlossene 1761,1216,198,28
Geist 1422,1251,64,22
des 1494,1251,40,22
werdenden 1543,1251,138,21
Künstlers 1690,1251,123,21
erkennbar. 1822,1251,135,21
<EOS>
Und 1420,1285,54,21
ein 1486,1286,35,20
weiterer, 1532,1285,111,26
für 1653,1284,37,22
die 1701,1285,36,21
Entwicklung 1748,1284,163,28
be- 1921,1285,38,21
deutsamer 1421,1319,132,21
Zug 1567,1319,48,28
seines 1629,1320,73,20
Wesens 1715,1319,95,21
zeigte 1825,1319,72,27
sich 1912,1319,47,21
ebenfalls 1420,1353,111,22
damals 1548,1353,89,21
schon: 1653,1353,81,21
seine 1752,1353,61,21
Fähigkeit, 1830,1352,129,28
sich 1419,1387,49,21
in 1480,1388,25,20
die 1518,1387,36,21
gegebenen 1568,1387,130,27
Verhältnisse 1711,1386,158,21
einzu- 1883,1387,76,20
ordnen. 1419,1421,95,21
<EOS>
Seine 1536,1421,65,21
künstlerischen 1620,1421,184,21
Neigungen 1824,1421,134,27
zurückstellend, 1419,1455,193,24
trat 1626,1459,50,17
er 1690,1462,23,14
zunächst, 1727,1455,120,24
dem 1863,1455,52,20
el- 1930,1454,28,21
terlichen 1418,1489,112,21
Wunsch 1554,1488,104,22
gehorchend, 1682,1488,154,28
in 1861,1488,24,21
eine 1910,1488,49,22
praktische 1418,1523,132,27
Berufslehre. 1565,1522,154,21
<EOS>
Von 1734,1522,52,21
1898 1802,1522,56,21
an 1874,1530,29,13
bil- 1918,1521,41,22
dete 1418,1557,53,21
er 1487,1565,23,13
sich 1525,1557,48,20
während 1587,1556,110,21
4 1712,1557,14,20
Jahren 1742,1556,88,23
im 1844,1556,32,20
Poly- 1892,1555,67,27
graphischen 1418,1591,153,28
Institut 1589,1591,99,20
Zürich 1707,1590,82,21
zum 1808,1598,54,13
Litho- 1880,1589,78,21
graphen 1418,1625,103,28
aus. 1544,1632,48,14
<EOS>
Schon 1618,1625,75,21
diese 1716,1625,61,21
Berufsarbeit 1800,1624,160,21
faßte 1417,1659,66,22
er 1494,1667,22,14
künstlerisch 1525,1658,156,22
auf, 1691,1659,47,25
ja 1747,1659,24,27
sie 1781,1659,32,21
wurde 1823,1658,78,21
ihm 1910,1658,49,21
zum 1418,1701,54,14
Ausgangspunkt 1494,1692,199,28
für 1715,1692,37,22
seine 1775,1692,61,22
weitere, 1859,1692,99,24
höher 1418,1727,71,21
führende 1520,1726,112,22
Laufbahn. 1664,1726,133,22
<EOS>
Zeitlebens 1830,1726,128,21
blieb 1417,1761,61,21
er 1493,1769,23,13
aber 1529,1761,54,21
der 1596,1760,39,21
Kunst 1648,1760,80,21
des 1741,1760,39,21
Steindruckes 1796,1759,162,22
eng 1418,1803,43,19
verbunden. 1472,1795,143,20
<EOS>
Nachdem 1627,1794,121,21
Ernst 1760,1794,70,20
Schlatter 1843,1793,115,21
seine 1418,1829,61,21
Berufslehre 1498,1828,145,22
erfolgreich 1662,1828,134,27
abgeschlos- 1814,1827,143,28
sen 1417,1870,41,14
hatte, 1470,1863,75,24
durfte 1560,1862,76,22
er 1650,1870,23,13
mit 1686,1862,44,21
der 1743,1862,39,21
Einwilligung 1796,1861,162,28
der 1418,1896,40,22
streng 1477,1901,77,23
über 1573,1897,58,21
seine 1649,1897,61,20
Entwicklung 1730,1895,163,27
wa- 1912,1902,45,14
chenden 1418,1930,104,22
Eltern 1538,1930,81,21
zur 1633,1938,41,13
weiteren 1688,1930,109,21
Ausbildung 1811,1929,146,27
nach 1417,1964,60,21
Stuttgart 1491,1963,119,28
gehen. 1621,1963,80,28
<EOS>
Daselbst 1715,1963,108,22
erwarb 1836,1963,87,21
er 1935,1970,23,14
sich 1418,1997,48,22
die 1488,1998,36,21
bewunderungswürdige 1544,1997,288,27
Meister- 1854,1996,103,22
schaft 1417,2032,77,21
in 1510,2032,25,20
der 1552,2031,40,21
Beherrschung 1610,2031,175,27
der 1803,2031,40,20
Schrift- 1863,2030,94,21
arten 1418,2070,65,17
und 1497,2066,49,20
in 1559,2066,24,20
der 1598,2065,39,21
Gestaltung 1654,2065,138,27
der 1807,2065,39,20
Schrift- 1863,2064,94,21
bilder. 1417,2100,80,21
<EOS>
Darüber 1514,2100,106,20
hinaus 1633,2099,83,21
erfuhr 1731,2099,78,21
er 1825,2107,22,12
bedeut- 1861,2098,96,21
same, 1417,2140,71,17
seine 1504,2133,61,21
Gaben 1582,2132,82,22
entfaltende 1679,2132,144,21
Anregun- 1838,2131,119,28
gen 1417,2175,44,20
durch 1475,2167,73,21
den 1561,2167,45,21
persönlichen 1620,2167,160,27
Umgang 1793,2167,109,27
mit 1914,2166,44,20
den 1418,2201,44,22
dortigen 1472,2200,105,28
Meistern 1586,2200,110,23
des 1705,2200,38,22
Kunstgewerbes, 1753,2200,204,28
der 1418,2235,39,21
Graphik 1470,2234,103,28
und 1582,2234,50,22
der 1643,2234,39,22
Malerei. 1692,2234,100,22
<EOS>
Nachdem 1803,2234,122,21
er 1935,2241,23,14
1907 1419,2270,55,20
nach 1487,2269,61,20
Zürich 1560,2268,83,21
zurückgekehrt 1654,2267,185,28
war 1851,2275,46,14
und 1909,2267,48,22
sich 1417,2303,49,21
während 1486,2302,109,21
einigen 1617,2303,89,27
Jahren 1729,2301,88,24
als 1838,2301,32,21
freier 1891,2301,67,21
Graphiker 1420,2336,129,28
betätigt 1564,2337,101,27
hatte, 1681,2336,75,25
entschloß 1773,2334,120,23
sieh 1909,2335,48,20
der 1417,2371,40,20
weiterstrebende 1479,2370,202,21
junge 1701,2371,71,26
Künstler 1795,2369,113,21
zu 1930,2377,27,12
einem 1418,2405,74,21
weitern 1504,2405,94,20
Studienaufenthalt 1612,2403,232,22
im 1855,2403,32,20
Aus- 1899,2402,58,21
land. 1416,2438,62,22
<EOS>
Diesmal 1490,2438,103,21
ging 1603,2438,53,27
er 1666,2445,23,14
nach 1699,2437,60,21
München. 1770,2437,122,21
<EOS>
Die- 1904,2437,53,20
ser 1417,2479,35,14
Aufenthalt 1473,2471,140,22
in 1635,2471,24,21
München 1681,2471,116,21
wurde 1819,2470,78,21
für 1919,2469,38,21
Ernst 1417,2505,71,21
Schlatter 1502,2505,115,21
in 1628,2505,25,21
zweifachem 1665,2504,146,22
Sinne 1825,2504,70,21
ent- 1907,2508,49,16
scheidend: 1416,2539,135,21
für 1574,2538,36,21
seine 1633,2539,61,20
weitere 1716,2538,91,21
berufliche 1829,2537,127,22
Laufbahn 1417,2573,126,22
und 1551,2573,49,21
für 1610,2573,38,21
seinen 1658,2573,78,22
persönlichen 1746,2571,159,29
Le- 1915,2571,41,21
bensweg. 1416,2608,113,26
<EOS>
<EOP>
47 1059,2748,34,25
<EOS>
<EOP>
