2116,2962
So 228,169,28,22
gingen 276,170,82,27
die 378,169,35,22
Jahre 435,169,70,23
fast 524,169,48,22
unmerklich 590,168,145,23
vorbei. 195,204,86,21
<EOS>
Im 300,203,36,21
Zweiten 349,203,100,21
Weltkrieg 462,203,126,27
führte 602,203,78,21
Dr. 693,203,40,21
<EOS>
Schmid 198,238,93,21
das 309,238,40,21
Kommando 367,238,149,21
der 534,238,40,20
MSA 591,237,63,22
III/6, 665,237,70,28
und 195,272,48,21
wieder 258,272,83,21
wurde 356,272,78,21
seine 450,272,61,21
Ruhe 527,272,67,20
und 610,271,48,21
seine 674,272,61,21
wohlüberlegten 196,306,194,27
Maßregeln 408,305,133,28
allgemein 560,305,120,28
ge- 699,313,35,20
schätzt. 196,340,97,21
<EOS>
Die 312,340,42,21
drei 372,340,47,21
Söhne 438,340,75,21
wuchsen 530,340,108,21
empor 655,347,80,20
und 195,374,48,21
bestanden 260,373,129,22
ihre 406,373,48,22
Doktorprüfungen 472,373,223,27
in 711,374,24,20
Medizin, 195,408,107,25
Chemie 318,407,91,21
und 422,408,47,20
Jus. 487,407,49,23
<EOS>
Leider 551,407,81,21
zeigten 646,407,89,27
sich 196,442,47,21
beim 257,442,61,21
Vater 332,442,71,20
im 417,442,32,20
Jahr 465,441,57,23
1948 538,442,56,21
die 609,442,35,20
ersten 660,446,75,16
Anzeichen 196,476,130,21
eines 348,476,61,20
schleichenden 431,475,175,21
Leidens, 628,475,106,25
der 196,510,39,21
Parkinson'schen 255,510,207,21
Krankheit, 482,509,139,24
der 641,509,39,21
ge- 699,517,35,19
genüber 196,544,100,28
vorläufig 314,544,113,27
noch 445,544,60,21
die 524,544,36,21
Kunst 579,544,79,21
auch 676,544,60,21
des 196,577,39,22
besten 248,578,81,21
Arztes 343,577,80,22
versagt. 437,582,100,23
<EOS>
Mit 552,577,43,21
Betrübnis 609,577,125,22
sahen 196,611,71,21
seine 301,612,61,20
Angehörigen 396,611,161,27
und 591,611,48,21
seine 674,611,61,21
Freunde, 196,645,113,26
daß 328,645,45,21
ihn 390,645,41,21
die 450,645,34,21
Krankheit 504,645,132,21
immer 653,645,82,21
mehr 196,680,64,20
hemmte. 271,680,109,20
<EOS>
Obwohl 395,679,96,21
er 503,687,23,13
selber 537,679,73,21
die 621,679,36,21
Hoff- 670,678,64,21
nungslosigkeit 195,714,183,27
seines 397,714,72,20
Zustandes 490,713,128,21
kannte, 638,713,96,24
hörte 196,748,66,21
man 274,755,55,13
nie 341,748,37,21
eine 391,748,49,21
Klage 454,747,73,28
von 540,754,47,14
ihm. 599,747,55,21
<EOS>
Noch 670,747,65,21
durfte 196,781,77,22
er 283,790,23,13
es 315,790,22,13
erleben, 347,781,98,25
daß 456,781,44,22
sein 511,781,47,22
ältester 568,781,94,22
Sohn 673,781,63,22
als 196,815,32,22
gründlich 239,815,120,28
ausgebildeter 371,815,168,27
Internist 550,815,112,21
seine 673,815,61,21
Praxis 196,849,80,21
übernahm, 294,849,136,25
so 449,858,23,12
daß 491,848,46,22
der 555,849,39,21
müde 611,848,70,22
ge- 699,857,36,19
wordene 196,883,105,21
Arzt 309,883,57,21
sich 374,883,48,21
zur 431,891,40,13
Ruhe 478,883,66,21
setzen 553,887,78,17
konnte. 638,883,96,21
<EOS>
Aber 196,918,61,20
der 275,918,40,20
Herbst 334,917,87,21
seines 439,918,73,20
Lebens 531,917,89,21
dauerte 639,917,96,21
nicht 195,952,65,20
lange. 273,951,74,28
<EOS>
Ganz 365,951,63,21
unerwartet 443,956,140,16
setzte 598,955,72,17
eine 685,952,50,20
Herzlähmung 196,985,172,28
in 382,986,24,20
der 420,986,39,20
Nacht 473,985,77,21
vom 563,992,56,14
27. 633,986,34,20
<EOS>
zum 682,992,53,14
28. 196,1020,34,20
<EOS>
März 241,1019,63,21
1954 330,1019,55,22
seinem 410,1019,85,21
wohlausgefüllten 519,1019,216,27
Leben 196,1053,77,21
ein 290,1054,36,20
Ziel. 343,1054,52,20
<EOS>
Groß 415,1053,62,21
war 494,1061,46,13
das 556,1053,41,21
Bedauern 614,1053,122,21
über 196,1087,56,21
den 268,1087,44,21
Hingang 329,1087,109,27
des 455,1087,38,21
tüchtigen 509,1087,121,27
Arztes, 645,1087,90,25
besonders 196,1121,123,21
auch 334,1121,59,21
bei 406,1121,37,21
einfachem 456,1120,132,22
Patienten. 603,1121,131,21
<EOS>
Sie 198,1155,36,21
hatten 250,1155,83,21
es 350,1162,23,14
gefühlt, 389,1155,97,27
daß 504,1154,45,22
ihr 566,1155,35,20
Hausarzt 618,1155,117,20
bei 196,1190,36,20
seinem 250,1190,86,20
sichern 354,1189,89,21
Wissen 461,1189,89,21
und 567,1189,49,21
Können 635,1189,100,21
auch 196,1223,60,21
ein 270,1223,36,21
guter 320,1228,65,23
und 400,1223,47,21
kluger 461,1223,80,28
Mensch 555,1223,94,21
gewe- 664,1230,70,20
sen 196,1265,39,13
war. 249,1264,53,14
<EOS>
Ernst 594,1256,70,22
Leisi 676,1256,59,22
<EOS>
<EOP>
Regierungsrat 226,1415,215,34
Dr. 454,1415,47,24
<EOS>
August 507,1415,109,34
Roth 628,1415,76,24
Als 226,1490,40,21
August 277,1490,91,27
Roth 380,1490,65,21
am 456,1498,38,12
Morgen 505,1490,94,28
des 611,1490,39,21
5.Ap- 663,1490,71,27
<EOS>
ril 196,1524,28,20
1954 235,1525,56,20
aufstand, 302,1524,118,25
spürte 432,1527,79,24
er 522,1532,23,13
einen 555,1525,66,20
heftigen 632,1524,103,28
Schmerz 198,1558,107,21
über 322,1559,56,20
dem 396,1558,53,21
rechten 465,1558,96,21
Auge. 577,1558,72,28
<EOS>
Auch 668,1559,67,21
vermochte 196,1592,133,21
er 342,1599,23,14
plötzlich 376,1592,110,27
nicht 498,1593,65,20
mehr 575,1593,64,20
richtig 650,1592,84,28
zu 196,1634,28,13
sehen. 238,1626,77,21
<EOS>
Auf 329,1626,50,21
die 391,1626,36,21
dringende 442,1626,126,28
Bitte 583,1626,64,21
seiner 661,1626,74,22
Frau 196,1659,61,22
legte 268,1659,61,28
er 341,1667,24,14
sich 377,1659,48,22
nochmals 437,1659,120,22
zu 570,1668,28,13
Bett. 611,1660,63,21
<EOS>
Der 688,1660,47,21
Arzt 195,1693,56,22
wurde 266,1693,77,22
gerufen. 357,1693,102,27
<EOS>
In 475,1693,27,21
der 516,1694,40,21
Zwischenzeit 571,1693,164,22
brachte 195,1727,96,21
der 317,1727,39,21
Postbote 380,1727,113,21
einen 517,1728,67,20
sehnlichst 608,1727,126,21
erwarteten 196,1766,137,16
Brief 345,1761,65,21
des 420,1762,39,20
einen 472,1762,66,20
Sohnes, 552,1761,95,25
der 660,1762,39,21
in 710,1763,24,19
Südamerika 197,1795,152,21
weilte. 363,1795,82,21
<EOS>
Frau 461,1795,61,21
Roth 537,1796,64,20
las 614,1795,33,21
ihrem 660,1796,74,21
Manne 195,1829,84,21
die 301,1830,35,20
- 356,1842,15,2
guten 390,1834,72,22
- 478,1842,15,2
Nachrichten 509,1829,158,21
vor. 684,1837,49,14
<EOS>
Es 196,1863,30,21
war 235,1870,47,14
die 291,1863,37,21
letzte 336,1863,70,21
Freude, 417,1864,96,24
die 523,1864,36,20
August 568,1864,92,27
Roth 671,1864,63,20
erlebte! 196,1897,95,21
<EOS>
Kurz 312,1897,64,21
darauf 395,1897,85,21
schwand 496,1897,110,21
sein 625,1897,47,21
Be- 691,1897,42,22
wußtsein, 196,1930,122,26
Lähmungen 338,1930,152,28
stellten 510,1930,93,22
sich 622,1931,48,21
ein, 689,1931,44,25
und 195,1965,48,20
der 255,1965,39,21
Arzt 305,1965,56,21
stellte 373,1965,75,21
einen 460,1966,66,20
schweren 537,1965,117,21
Hirn- 665,1966,68,20
schlag 195,1998,78,28
fest. 290,1998,52,21
<EOS>
Eine 362,1999,57,20
Woche 438,1999,86,20
noch 542,1999,61,20
arbeitete 621,1999,112,21
das 196,2032,39,21
kerngesunde 251,2033,159,27
Herz. 427,2033,67,20
<EOS>
Dann, 511,2033,77,24
am 605,2040,38,13
Palm- 658,2033,75,20
sonntag, 195,2072,107,22
machte 311,2067,93,21
ein 414,2068,36,20
sehr 460,2067,51,21
ruhiger 520,2067,93,27
Tod 621,2067,50,21
dem 682,2068,52,20
bitteren 194,2101,101,20
Kampfe 310,2100,101,27
ein 424,2101,37,21
Ende. 473,2101,73,21
<EOS>
Regierungsrat 226,2134,180,28
August 418,2134,93,28
Roth 523,2134,65,21
starb 600,2134,64,21
kurz 677,2134,56,21
nach 195,2167,60,22
Vollendung 266,2167,146,28
seines 425,2168,72,21
60. 511,2168,34,21
<EOS>
Lebensjahres. 557,2167,175,28
<EOS>
Er 195,2201,31,22
besaß 243,2201,71,22
eine 333,2202,49,21
so 400,2210,23,13
kräftige 441,2201,100,28
Konstitution, 560,2202,173,25
daß 196,2235,44,21
man 251,2243,55,13
ihm 314,2235,49,21
ein 373,2236,37,20
hohes 418,2235,71,21
Alter 500,2235,65,21
voraussagte. 573,2240,159,23
<EOS>
Aber 195,2269,62,21
der 284,2269,39,21
schonungslose 350,2269,178,27
Einsatz 555,2269,97,21
aller 679,2270,54,21
Kräfte, 196,2303,91,24
nur 299,2311,43,13
von 354,2311,46,13
wenigen 412,2304,104,27
Ferientagen 527,2303,153,28
un- 692,2311,41,13
terbrochen, 195,2337,145,24
war 354,2344,46,14
auch 413,2337,60,21
für 484,2337,38,21
diese 535,2337,61,21
kraftvolle 609,2337,124,21
Natur 196,2371,75,20
zu 284,2378,28,13
viel. 325,2371,53,21
<EOS>
Daß 392,2371,53,20
August 457,2371,92,27
Roth 563,2371,64,21
sich 641,2371,48,21
im 701,2372,32,20
Dienste 195,2404,95,22
der 300,2405,40,20
Öffentlichkeit 345,2400,175,26
aufgerieben 527,2405,148,27
hat, 683,2405,49,25
das 195,2438,40,21
vermag 257,2446,95,19
neben 374,2438,75,22
seinen 472,2439,77,21
Angehörigen 572,2438,161,27
wohl 195,2472,60,21
kaum 270,2472,71,21
jemand 355,2472,95,27
so 466,2480,23,13
gut 506,2477,41,23
zu 563,2481,28,12
beurteilen 605,2472,128,21
wie 195,2507,41,20
derjenige, 254,2506,123,27
der 395,2506,38,21
nun 450,2514,49,13
an 516,2514,30,13
seinem 562,2507,87,20
Pulte 666,2506,67,21
sitzt 195,2540,54,20
und 270,2540,48,20
urplötzlich 340,2539,139,27
fortzuführen 499,2539,162,22
hat, 682,2540,50,25
was 195,2581,45,13
Regierungsrat 256,2573,179,27
Roth 451,2574,65,20
begonnen. 531,2574,129,27
<EOS>
Sein 680,2573,53,22
Arbeitstag 197,2607,133,28
entsprach 340,2608,124,26
wahrhaftig 472,2608,140,28
in 621,2609,23,20
keiner 654,2609,79,20
<EOS>
<EOP>
Beziehung 804,980,134,28
jener 948,981,65,27
landläufigen 1021,980,158,28
Vorstellung, 1188,980,156,28
nach 804,1014,60,21
welcher 878,1014,97,21
die 991,1014,35,21
Sekretäre 1043,1014,121,21
schaffen 1179,1014,104,21
und 1296,1015,49,20
der 805,1049,39,20
Chef 863,1047,58,22
bequem 936,1048,100,27
unterschreibt, 1053,1049,181,25
falls 1251,1048,52,21
er 1322,1057,23,13
überhaupt 804,1082,133,27
auf 953,1082,41,21
dem 1008,1082,52,21
Büro 1075,1083,62,20
ist. 1152,1083,38,20
<EOS>
Ich 1206,1083,41,20
staune 1262,1087,83,17
immer 803,1117,83,20
von 904,1124,48,13
neuem, 969,1124,92,17
wenn 1080,1124,66,13
ich 1164,1117,37,20
die 1220,1117,36,20
unge- 1274,1124,71,20
heure 804,1151,70,21
Detailarbeit 893,1150,155,22
erkenne, 1068,1151,108,24
welche 1195,1151,84,21
Au- 1298,1151,47,21
gust 804,1189,54,23
Roth 871,1184,64,21
direkt 947,1184,77,21
zu 1035,1192,29,13
erledigen 1076,1184,115,28
pflegte. 1203,1184,92,28
<EOS>
Da 1310,1184,35,22
mußte 804,1218,82,22
sich 902,1218,48,22
eine 965,1218,49,22
Arbeitslast 1030,1218,141,22
ergeben, 1187,1218,106,28
die 1309,1219,36,21
eines 804,1252,61,21
Tages 881,1252,73,27
zu 971,1261,28,12
groß 1015,1252,56,27
war. 1088,1260,53,13
<EOS>
Hoch 1159,1252,68,21
war 1243,1261,46,12
der 1306,1253,39,20
Preis, 805,1286,70,25
den 894,1286,45,21
er 957,1294,22,13
für 996,1286,37,21
die 1051,1286,35,21
andauernde 1105,1286,149,21
Uber- 1273,1286,72,22
anstrengung 805,1325,158,22
bezahlte. 985,1320,114,21
<EOS>
Wohl 1124,1320,66,21
aber 1215,1321,54,20
dem 1292,1321,53,21
kleinen 804,1354,92,21
Volke, 904,1354,82,25
das 997,1354,40,21
über 1052,1355,56,20
solche 1121,1354,76,22
Diener 1207,1355,85,21
des 1306,1354,39,22
Staates 807,1388,92,21
verfügt! 911,1388,103,28
<EOS>
August 834,1422,92,27
Roths 940,1422,74,22
Leben 1028,1422,78,22
zerfällt 1119,1422,90,22
in 1221,1423,24,21
klarem 1256,1422,89,22
Aufbau 804,1455,96,22
in 911,1456,24,21
drei 947,1455,48,22
Abschnitte. 1006,1456,147,21
<EOS>
Der 1168,1456,45,21
erste 1225,1461,59,16
Teil 1296,1456,49,21
<EOS>
<EOP>
- 803,1503,15,2
Jugend- 833,1490,99,27
und 949,1490,47,20
IFanderja/ire 1015,1489,158,28
— 1187,1503,15,2
führt 1216,1489,67,21
von 1297,1498,48,13
der 804,1524,40,20
Kindheit 861,1523,115,22
in 996,1524,23,20
seiner 1036,1524,74,21
Heimatgemeinde 1127,1524,218,28
Keßwil 805,1557,92,21
über 909,1558,58,21
die 980,1558,36,21
Sekundärschule 1033,1557,201,22
Dozwil, 1248,1558,96,25
die 804,1592,37,21
Kantonsschule 858,1591,191,22
Frauenfeld, 1068,1592,149,24
die 1235,1592,36,21
Uni- 1288,1592,56,21
versitäten 803,1626,129,21
Bern, 953,1626,68,24
Lausanne, 1042,1626,131,25
Zürich 1193,1626,83,21
und 1295,1626,49,22
Leipzig 803,1659,94,28
ins 905,1659,36,21
Büro 950,1659,63,22
des 1023,1659,39,22
bedeutenden 1073,1659,164,22
Rechts- 1247,1659,97,22
anwaltes 804,1693,110,22
Johannes 930,1693,119,23
Huber 1067,1693,81,22
in 1164,1694,24,21
Rorschach. 1202,1694,141,21
<EOS>
Alle, 803,1727,58,25
die 886,1727,36,21
ihn 946,1727,40,21
in 1010,1727,23,21
dieser 1059,1727,73,21
Zeit 1157,1727,50,21
kannten, 1230,1728,113,25
erinnern 804,1762,106,20
sich 925,1761,49,21
an 987,1769,30,13
seine 1030,1762,61,20
hervorragende 1107,1761,185,28
In- 1306,1762,37,20
telligenz. 803,1795,114,27
<EOS>
In 939,1795,28,20
Rorschach 986,1795,134,21
traf 1139,1795,49,21
er 1207,1803,22,14
die 1251,1796,35,21
für 1306,1796,38,21
sein 803,1830,50,20
persönliches 875,1829,155,27
Leben 1053,1829,78,21
grundlegenden 1155,1829,189,28
Entscheidungen: 803,1864,217,27
Er 1041,1864,31,20
verheiratete 1090,1864,155,21
sich 1264,1864,48,21
- 1330,1877,15,2
<EOS>
<EOP>
und 803,1897,49,21
schloß 871,1897,80,21
sich 971,1897,48,21
der 1040,1897,40,21
sozialistischen 1099,1897,181,22
Be- 1300,1897,43,22
wegung 804,1938,96,19
an. 913,1939,36,13
<EOS>
Über 834,1961,63,24
dem 908,1964,53,21
zweiten 973,1965,96,20
Abschnitt 1080,1964,127,21
seines 1218,1966,72,20
Le- 1302,1965,41,21
bens 803,1999,57,21
steht 876,1999,64,21
das 957,1999,40,20
Wort: 1013,1999,78,21
Er 1210,1999,31,21
verließ 1256,2000,87,21
das 803,2033,41,20
Büro 861,2032,62,21
seines 940,2033,73,20
Lehrmeisters 1030,2033,165,21
und 1211,2033,49,21
eröff- 1277,2033,66,21
nete 803,2071,54,17
im 881,2068,33,19
Bodenseestädtchen 941,2067,244,21
eine 1211,2068,49,20
selb- 1285,2068,58,20
ständige 803,2100,106,28
Praxis. 923,2100,88,21
<EOS>
Im 1024,2101,37,20
Jahre 1075,2101,71,22
1928 1161,2101,55,21
wurde 1229,2101,78,21
er 1320,2109,23,13
nach 803,2134,61,21
einem 875,2135,74,21
heftigen 960,2134,103,28
Wahlkampf 1075,2134,154,28
zum 1238,2143,53,13
Ar- 1302,2135,41,21
boner 803,2168,72,21
Gemeindeammann 894,2167,240,22
gewählt 1151,2168,100,27
- 1268,2181,15,2
Be- 1300,2168,43,21
zirksrichter 803,2202,147,21
und 960,2202,49,21
Kantonsrat 1021,2202,147,21
war 1179,2211,47,12
er 1238,2211,23,12
schon 1272,2203,71,20
vorher 803,2236,83,20
geworden 897,2236,121,27
- 1027,2249,14,1
und 1051,2235,49,21
damit 1111,2236,74,20
fand 1195,2235,57,22
er 1263,2244,23,13
die- 1297,2236,45,21
jenige 802,2271,75,26
Tätigkeit, 892,2270,126,27
für 1031,2270,37,21
die 1083,2270,36,21
er 1134,2278,23,13
so 1171,2278,24,13
richtig 1208,2270,84,28
ge- 1306,2278,37,20
schaffen 803,2303,103,21
war. 925,2311,53,13
<EOS>
Denn 998,2304,69,20
die 1085,2304,36,21
glückliche 1140,2304,128,27
Ver- 1287,2304,55,21
bindung 803,2338,105,27
von 931,2345,48,14
Zielstrebigkeit 1004,2338,184,27
und 1212,2338,48,21
Sinn 1287,2338,56,22
für 803,2371,37,21
das 860,2372,41,20
Mögliche, 921,2372,121,27
vereint 1061,2372,90,21
mit 1172,2372,43,21
nie 1235,2372,38,21
ver- 1293,2380,49,13
sagender 803,2405,111,27
Integrität, 935,2405,133,27
prägte 1088,2408,82,24
sein 1190,2406,50,21
ganzes 1259,2413,83,19
Wesen 803,2438,83,22
und 898,2439,49,21
begründete 960,2439,143,27
den 1118,2439,44,21
Erfolg 1176,2439,80,27
seiner 1268,2440,74,20
Verwaltungstätigkeit. 802,2472,280,28
<EOS>
Er 1113,2473,31,20
ist 1172,2473,31,21
ein 1232,2474,36,20
Ge- 1300,2473,41,21
meindeammann 802,2506,206,21
ersten 1025,2511,77,16
Ranges 1120,2507,92,27
gewesen. 1230,2515,110,19
<EOS>
Als 831,2540,41,21
die 886,2540,36,21
bürgerliche 936,2540,144,28
Mehrheit 1094,2541,114,21
des 1223,2541,39,21
Kan- 1277,2540,64,21
tons 802,2579,53,16
Thurgau 865,2575,110,27
der 985,2575,39,21
sozialistischen 1034,2575,182,21
Arbeiter- 1224,2576,117,20
bewegung 802,2608,126,27
erstmals 941,2608,105,21
einen 1058,2609,66,20
Vertreter 1136,2609,119,21
in 1265,2609,24,20
der 1301,2609,41,21
<EOS>
<EOP>
Regierung 1415,170,129,27
zubilligte, 1557,169,126,28
geschah 1695,169,100,28
es 1807,178,23,13
zum 1842,178,53,13
Teil 1907,169,47,22
im 1413,204,32,20
Vertrauen 1455,204,130,20
darauf, 1595,203,91,26
daß 1697,204,45,21
dieser 1753,204,73,21
Vertreter 1836,204,118,21
August 1413,238,92,27
Roth 1519,238,64,20
heißen 1599,238,84,21
werde. 1699,239,82,20
<EOS>
Und 1800,237,54,22
doch 1868,238,60,21
- 1941,251,13,1
<EOS>
<EOP>
der 1414,272,39,21
Schreibende 1466,271,155,22
erinnert 1632,273,101,20
sich 1743,272,49,21
noch 1802,272,60,21
gut 1873,277,41,22
an 1925,280,30,13
jenen 1411,306,71,27
Parteitag 1488,306,119,27
in 1615,306,24,21
Romanshorn 1646,306,164,21
brauchte 1842,306,112,21
es 1414,347,23,14
allen 1450,340,60,21
Einfluß 1523,340,94,21
seiner 1631,340,73,22
politischen 1716,340,139,27
Freun- 1869,340,85,22
de, 1414,373,35,26
Gemeindeammann 1466,373,240,22
Roth 1722,374,64,21
dazu 1801,374,59,21
zu 1875,382,27,13
be- 1917,374,37,21
wegen, 1413,416,86,19
seine 1514,408,61,21
Wahlheimat 1589,408,159,21
Arbon 1760,408,81,21
preiszu- 1855,409,99,26
geben. 1413,442,81,27
<EOS>
Er 1507,442,31,20
sah 1550,442,42,20
aber 1604,442,55,21
selber 1670,442,74,21
die 1757,442,35,21
Notwendig- 1805,442,149,27
keit 1412,476,49,21
ein, 1474,476,43,24
und 1530,476,48,20
so 1591,483,24,14
begann 1628,476,92,27
er 1732,483,23,14
im 1766,477,33,20
Jahre 1814,476,70,23
1941 1899,477,54,21
in 1413,511,24,19
Frauenfeld 1466,509,138,22
seinen 1633,511,79,20
letzten 1739,510,87,21
Lebens- 1855,511,99,20
abschnitt. 1414,544,126,21
<EOS>
Vier 1553,544,54,21
Departemente 1619,544,183,27
hatte 1814,544,66,22
er 1892,552,23,14
zu 1927,552,27,13
verwalten; 1413,577,138,25
die 1571,577,35,22
Amtstätigkeit 1623,577,181,28
als 1823,577,32,22
Natio- 1874,577,80,22
nalrat 1414,611,76,21
und 1503,612,48,20
viel 1564,611,46,21
anderes 1623,612,96,20
kam 1732,612,55,20
dazu 1801,612,60,21
- 1873,625,14,2
aber 1901,612,54,21
das 1414,646,41,20
Entscheidende 1471,646,187,21
dieser 1673,646,73,21
Zeit 1761,647,49,20
wird 1825,647,55,20
doch 1896,647,60,20
ausgedrückt 1414,679,156,28
durch 1581,680,73,20
den 1661,680,45,21
Begriff 1714,679,89,28
«/cazifona/er 1811,680,145,21
Raudire/cïor». 1416,714,172,20
<EOS>
Nicht 1610,714,71,21
bloß 1701,714,55,21
alle 1778,714,42,21
Gebäude 1844,714,111,21
des 1414,748,39,21
Kantons 1469,748,109,21
kannte 1593,748,88,21
er 1697,756,23,13
bald 1734,748,55,21
«wie 1806,748,56,22
seinen 1877,749,78,21
Hosensack», 1415,781,160,25
sondern 1584,781,101,22
auch 1694,781,59,22
sämtliche 1763,782,121,21
Stra- 1892,781,62,22
ßen 1415,815,44,22
im 1476,816,32,21
Thurgau. 1525,815,118,28
<EOS>
Und 1662,816,53,21
das 1735,816,40,21
heißt 1792,816,66,21
etwas. 1876,821,78,16
<EOS>
Allmählich 1415,849,139,21
leitete 1578,850,78,21
er 1681,858,22,13
den 1727,850,45,21
Ausbau 1795,850,97,21
der 1917,851,39,20
Staatsstraßen 1416,883,177,21
mit 1614,884,44,20
einer 1680,884,61,21
unbezweifelten 1762,884,194,21
Souveränität. 1417,917,174,22
<EOS>
Sein 1612,918,53,21
letztes 1683,918,81,21
Werk 1783,919,70,20
ist 1871,919,31,21
die 1920,919,36,21
Thurbrücke 1414,952,151,20
bei 1576,952,37,21
Eschikofen. 1623,952,148,21
<EOS>
In 1783,952,27,20
ihrer 1819,952,61,21
sach- 1891,953,63,20
liehen 1414,985,75,22
Richtigkeit, 1520,986,151,27
ihrer 1701,986,61,21
Schlichtheit, 1794,986,161,25
ihrer 1414,1019,60,21
Ausgeglichenheit 1488,1019,219,27
und 1720,1019,49,22
Schönheit 1786,1019,125,22
ist 1924,1020,31,21
sie 1415,1053,31,21
das 1475,1053,41,21
vollkommene 1543,1053,173,21
Spiegelbild 1748,1053,138,28
des 1916,1054,40,21
Mannes, 1415,1087,104,25
der 1545,1087,40,21
ihr 1610,1087,35,21
Zustandekommen 1670,1087,230,22
an 1926,1096,29,12
erster 1415,1126,71,16
Stelle 1504,1121,68,21
mitbestimmte. 1588,1122,187,21
<EOS>
Jäh 1447,1155,47,24
hat 1505,1156,42,20
der 1560,1156,39,21
Tod 1611,1156,49,21
der 1674,1157,40,20
reichen 1725,1156,92,21
Wirksam- 1829,1156,127,21
keit 1415,1190,48,21
ein 1479,1190,37,21
Ende 1532,1190,66,21
gesetzt. 1614,1195,95,23
<EOS>
Bitter 1726,1190,76,21
war 1818,1198,46,13
es 1880,1198,22,13
für 1918,1190,38,21
Frau 1415,1223,62,21
und 1485,1223,48,21
Kinder, 1545,1223,97,25
für 1651,1223,37,21
die 1699,1224,36,21
Freunde 1746,1223,105,22
und 1861,1223,48,22
die 1919,1223,36,22
politisch 1415,1257,108,27
Tätigen 1544,1257,99,27
unseres 1664,1265,94,13
ganzen 1780,1265,88,19
Kail- 1891,1257,63,21
tons, 1414,1295,62,21
gleich 1490,1290,72,28
welcher 1577,1291,98,21
Richtung. 1690,1291,125,28
<EOS>
Die 1831,1292,43,20
Erin- 1889,1291,66,21
nerung 1414,1333,89,19
an 1518,1333,30,12
dieses 1563,1325,73,21
mannhafte 1651,1325,138,21
Leben 1805,1326,79,20
wird 1898,1326,56,20
noch 1414,1359,60,20
lange 1486,1359,67,27
wach 1565,1359,65,21
bleiben 1642,1359,91,21
unter 1744,1364,70,16
uns 1825,1367,44,13
- 1880,1372,16,2
und 1907,1360,48,20
das 1415,1393,40,21
weist 1468,1394,65,20
auf 1546,1393,42,21
die 1599,1393,35,21
tröstliche 1647,1394,119,20
Tatsache 1779,1394,115,21
hin, 1906,1394,48,24
daß 1415,1427,46,21
August 1477,1427,93,27
Roth 1588,1427,64,21
doch 1670,1427,59,21
genug 1746,1435,74,20
Zeit 1838,1427,50,22
ver- 1904,1435,50,14
gönnt 1414,1463,74,25
war, 1501,1468,55,18
um 1571,1469,40,13
ein 1626,1461,36,21
bedeutsames 1676,1461,164,22
Lebens- 1855,1461,99,22
werk 1415,1494,61,22
zu 1488,1503,28,13
vollbringen. 1527,1494,152,28
<EOS>
Ehre 1444,1528,61,21
seinem 1518,1529,86,20
Andenken! 1616,1529,140,21
<EOS>
<EOP>
Rudolf 1709,1563,89,20
Schiimperli 1810,1563,144,27
<EOS>
<EOP>
Dr. 1532,1687,46,24
<EOS>
Robert 1587,1686,103,26
Wildbolz 1703,1687,135,25
Dr. 1444,1762,39,20
<EOS>
med. 1495,1762,59,21
<EOS>
Robert 1567,1762,89,21
Wildbolz 1679,1763,113,20
wurde 1815,1763,78,21
am 1917,1771,37,13
21. 1415,1797,34,20
<EOS>
Oktober 1461,1796,104,21
1865 1583,1797,54,21
im 1654,1797,33,20
zürcherischen 1703,1797,174,21
Küs- 1894,1797,60,22
nacht 1412,1830,72,21
geboren. 1503,1830,106,27
<EOS>
Er 1629,1830,31,21
war 1679,1838,47,13
das 1744,1830,41,22
jüngste 1802,1831,94,27
der 1914,1831,40,21
drei 1414,1864,47,21
Kinder 1473,1864,88,22
des 1573,1864,38,22
Ludwig 1623,1864,97,28
Wildbolz 1730,1864,114,22
und 1854,1865,49,21
der 1914,1865,40,21
Margaretha, 1412,1897,156,28
geborenen 1588,1898,129,27
Schürch. 1737,1898,110,21
<EOS>
In 1868,1899,28,20
der 1914,1899,40,21
Zeit, 1413,1932,58,24
da 1485,1931,30,21
Dr. 1529,1932,40,20
<EOS>
Wildbolz 1580,1932,114,21
zur 1709,1941,39,12
Welt 1763,1932,62,21
kam, 1837,1933,64,24
be- 1915,1933,38,21
trieb 1412,1966,60,20
dessen 1483,1966,82,21
Vater 1575,1966,72,21
am 1659,1974,37,12
Zürichsee 1707,1966,120,21
eine 1839,1967,49,21
Fär- 1899,1967,54,20
berei. 1412,1999,69,21
<EOS>
Später 1499,1999,82,28
- 1593,2013,15,1
Robert 1622,2000,89,21
Wildbolz 1725,2000,114,21
war 1853,2008,47,13
da- 1914,2001,38,21
mais 1412,2033,58,21
zehn 1481,2034,57,21
Jahre 1550,2034,71,23
alt 1632,2035,33,20
- 1675,2046,14,3
siedelten 1698,2035,111,21
dann 1819,2035,63,20
seine 1892,2035,61,21
Eltern 1413,2067,81,22
mit 1505,2068,44,20
ihrer 1560,2068,61,21
Familie 1634,2068,95,22
in 1742,2068,23,21
die 1778,2068,36,22
Stadt 1829,2068,69,22
Zü- 1910,2068,42,22
rieh 1412,2101,49,22
über. 1472,2102,64,21
<EOS>
Dort 1549,2102,60,21
und 1620,2102,48,21
in 1679,2103,24,20
Küsnacht 1715,2102,124,21
verlebte 1851,2103,102,21
er 1413,2143,23,13
eine 1447,2136,49,20
schöne 1507,2136,84,21
Jugendzeit, 1604,2136,146,27
obwohl 1762,2136,91,21
er 1864,2145,22,12
häu- 1897,2137,55,20
fig 1412,2169,31,28
krank 1455,2169,75,21
war. 1543,2178,52,12
<EOS>
Trug 1610,2170,60,27
dieser 1684,2170,72,21
Umstand 1769,2170,117,21
viel- 1898,2171,54,20
leicht 1412,2203,70,21
mit 1496,2205,43,19
dazu 1554,2204,60,20
bei, 1628,2204,44,24
daß 1688,2204,45,21
er 1749,2212,22,13
das 1786,2205,41,20
Studium 1845,2204,108,22
der 1413,2237,39,21
Medizin 1465,2237,99,21
wählte 1576,2238,84,21
und 1673,2238,48,21
als 1736,2238,31,21
Arzt 1781,2239,55,20
so 1849,2246,25,13
tüch- 1886,2239,66,20
tig 1411,2272,34,26
war 1461,2279,47,13
<EOS>
Wir 1542,2272,48,20
wissen 1606,2272,81,21
es 1704,2280,22,13
nicht 1742,2272,66,21
bestimmt. 1824,2272,128,22
<EOS>
Sicher 1415,2305,77,21
aber 1507,2305,54,22
ist, 1575,2306,38,24
daß 1628,2305,46,22
die 1689,2305,36,22
erschütterte 1740,2306,153,21
Ge- 1911,2306,41,21
sundheit 1412,2338,109,22
des 1541,2338,39,22
Knaben 1600,2339,101,21
ein 1720,2340,37,21
besonders 1775,2339,125,22
in- 1919,2340,33,21
niges 1411,2373,64,27
Verhältnis 1488,2372,132,22
zwischen 1633,2373,112,21
ihm 1758,2374,48,20
und 1819,2374,47,20
seiner 1880,2375,72,20
feinfühligen 1411,2405,152,28
Mutter 1576,2406,88,21
schuf. 1677,2407,73,21
<EOS>
Es 1442,2440,31,21
war 1489,2449,47,12
für 1551,2441,37,20
Dr. 1604,2441,40,20
<EOS>
Wildbolz 1656,2441,114,21
ohne 1786,2442,59,20
Zweifel 1862,2442,90,21
eine 1412,2475,49,20
große 1472,2474,69,28
Freude, 1550,2475,98,24
daß 1658,2475,45,20
er 1714,2483,23,13
das 1746,2475,40,21
Gymnasium 1799,2475,153,27
besuchen 1411,2508,117,21
durfte. 1543,2508,84,22
<EOS>
Er 1644,2509,31,20
durchlief 1690,2509,114,21
es 1817,2517,22,13
als 1855,2510,32,20
auf- 1903,2510,49,20
geweckter 1412,2543,127,26
Schüler 1554,2542,93,21
in 1658,2543,23,20
Zürich. 1693,2543,90,21
<EOS>
Nachdem 1796,2543,121,22
er 1929,2551,23,13
die 1412,2576,36,21
Maturitätsprüfung 1468,2576,239,28
bestanden 1727,2576,131,22
hatte, 1877,2577,75,25
begann 1410,2609,92,28
er 1514,2617,23,14
an 1549,2617,28,13
der 1589,2609,40,22
Zürcher 1640,2609,99,22
Universität 1751,2610,146,21
mit 1908,2611,44,20
<EOS>
<EOP>
44 1053,2747,34,23
<EOS>
<EOP>
