2116,2962
lung, 159,168,63,28
fand 233,169,54,21
diese 300,169,60,21
Veranstaltung 371,168,183,28
einen 565,169,64,21
wür- 641,170,58,19
digen 159,203,68,27
Abschluß. 238,202,127,22
<EOS>
Wie 191,237,48,21
seit 251,237,43,21
einer 305,237,61,21
Reihe 378,236,72,21
von 461,244,46,13
Jahren 522,236,88,23
wurde 621,235,78,22
die 160,271,36,21
Generalversammlung 222,270,271,27
Ende 517,270,66,21
Januar 609,270,90,23
bei 160,306,37,20
unserem 231,312,107,14
Passivmitglied 373,304,187,28
Bischof, 597,304,102,25
Hôtel 161,340,71,21
de 249,340,27,21
la 292,340,22,20
Nouvelle 332,339,113,22
Poste, 460,340,77,23
abgehalten. 551,339,148,27
<EOS>
Der 160,373,47,22
Besuch 219,373,88,22
war 318,381,46,13
recht 373,373,66,21
befriedigend. 449,373,165,27
<EOS>
Bei 190,407,41,21
fröhlicher 248,406,124,22
Stimmung 392,406,132,27
schritt 543,406,83,22
man 644,414,55,13
zur 160,450,40,12
Abwicklung 214,441,153,27
der 382,441,39,21
Traktandenliste, 435,440,213,26
die 664,441,35,20
ihre 159,476,48,21
rasche 218,476,80,20
Erledigung 310,475,140,28
fand, 461,475,65,25
da 538,475,28,20
sämtliche 577,474,122,22
Yorstandsmitglieder 159,509,261,27
sich 428,509,49,21
mit 483,509,42,20
einer 532,509,61,20
Wieder- 598,508,101,21
wähl 160,543,59,21
einverstanden 238,543,179,21
erklärten. 435,543,123,21
<EOS>
Der 581,543,44,21
Vor- 643,543,56,20
stand 160,577,69,21
für 249,577,36,21
das 306,577,40,21
Jahr 368,577,58,23
1954 448,577,55,21
lautet 523,577,75,21
somit: 618,577,80,21
Präsident: 161,611,132,21
J. 327,611,21,22
<EOS>
Häberlin, 360,610,120,25
Vizepräsident: 512,610,186,28
W. 161,645,34,20
<EOS>
Huber, 207,645,88,25
Kassier: 312,645,105,21
M. 433,645,31,20
<EOS>
Ludwig, 476,644,104,28
Aktuar: 596,644,102,21
A. 160,679,27,21
<EOS>
Schaer, 201,679,91,25
Beisitzer: 306,680,122,20
Dr. 444,679,39,21
<EOS>
H. 496,679,29,21
<EOS>
Wohnlich. 538,679,128,21
<EOS>
Der 193,714,43,20
allgemein 251,713,121,28
beliebte 385,713,100,21
Familienabend, 500,712,199,25
welcher 161,747,96,21
sonst 268,752,65,16
immer 344,748,82,20
im 438,748,32,20
März 481,747,63,21
stattfindet, 557,747,142,23
wurde 161,781,77,22
dieses 251,781,72,21
Jahr 339,781,58,22
nicht 409,781,65,21
abgehalten, 488,781,147,28
son- 649,788,50,14
dern 161,815,56,22
ist 235,815,32,21
durch 287,815,72,21
einen, 379,815,74,25
am 474,823,38,13
8. 533,816,19,20
<EOS>
Mai 563,814,47,21
statt- 630,819,69,17
gefundenen 161,849,145,27
Lichtbilderabend 318,848,219,22
ersetzt 549,853,84,17
wor- 643,857,56,13
den. 161,883,52,21
<EOS>
Es 227,883,30,20
war 268,891,45,12
uns 323,891,43,12
nämlich 378,883,102,20
gelungen, 493,882,120,28
Herrn 624,882,76,21
Photograph 162,917,150,28
Weber 334,917,83,21
aus 439,925,40,13
Frauenfeld 502,917,139,21
für 662,916,38,22
einen 162,952,66,20
Film-Abend 256,951,154,21
zu 439,959,28,13
gewinnen. 495,951,126,27
<EOS>
Wir 652,951,47,20
durften 162,985,94,21
die 266,985,35,21
Festlichkeiten 312,985,178,21
des 501,985,39,21
150jährigen 552,984,146,29
Jubiläums 163,1019,132,22
des 310,1019,39,21
Heimatkantons 365,1019,198,21
sowie 578,1019,67,21
des 660,1019,39,21
100jährigen 163,1052,148,28
Jubiläums 345,1052,132,24
der 509,1053,40,21
Kantons- 581,1053,118,21
schule 162,1087,77,21
Frauenfeld 257,1087,138,21
im 411,1087,32,20
Bilde 463,1086,63,21
an 544,1095,28,12
uns 588,1095,44,13
vor- 649,1095,50,12
überziehen 163,1121,137,21
lassen. 312,1121,81,21
<EOS>
Eine 408,1121,57,21
stattliche 478,1121,120,21
Anzahl 610,1120,91,21
Mitglieder 164,1155,127,27
des 302,1155,39,21
Vereins 352,1155,94,21
mit 458,1156,43,20
ihren 511,1155,65,21
Familien 588,1155,111,21
und 161,1189,49,21
Freunden 235,1189,121,21
trafen 384,1189,77,21
sich 489,1189,48,21
an 560,1196,30,14
diesem 615,1189,85,21
Abend, 163,1223,89,24
und 264,1223,48,21
wie 329,1223,41,21
man 385,1231,55,13
vernehmen 450,1223,143,21
konnte, 604,1223,95,25
kehrten 163,1256,97,22
alle 273,1256,42,22
recht 328,1256,66,22
befriedigt 406,1256,123,28
nach 541,1256,61,22
Hause. 613,1256,86,22
<EOS>
Die 193,1291,42,20
Vorbereitungen 247,1290,200,28
für 459,1291,37,21
das 510,1291,40,20
diesjährige 564,1290,136,28
Jaß-Championnat 164,1324,231,28
sind 411,1325,50,20
in 478,1325,23,20
vollem 517,1324,86,21
Gange 621,1324,79,28
und 163,1359,48,20
es 220,1367,22,13
ist 251,1359,31,20
anzunehmen, 292,1359,167,24
daß 470,1359,45,20
es 526,1367,22,13
seinen 557,1359,79,21
Vor- 643,1359,57,21
gängern 163,1395,101,25
in 274,1393,24,20
nichts 309,1393,76,21
nachstehen 397,1393,143,21
wird. 551,1393,64,21
<EOS>
Tofenta/eZ. 196,1427,127,27
<EOS>
Am 334,1427,46,20
6. 391,1427,19,21
<EOS>
Oktober 422,1427,104,21
erreichte 537,1427,110,21
uns 656,1435,44,13
die 162,1461,36,21
Trauerbotschaft 208,1461,208,21
vom 427,1469,55,13
plötzlichen 492,1461,140,27
Hin- 643,1461,56,21
schiede, 162,1494,98,26
infolge 274,1494,85,27
Unfalls, 374,1494,99,26
unseres 487,1503,93,13
langjäh- 595,1494,105,28
rigen, 162,1529,71,26
verdienten 251,1528,136,21
Mitgliedes 405,1528,129,28
Ulrich 553,1528,79,21
Alt- 650,1529,50,20
herr. 162,1562,58,21
<EOS>
Der 234,1562,45,21
Verstorbene 291,1562,154,22
ist 456,1563,31,20
unserem 499,1571,106,13
Verein 616,1563,85,20
im 162,1597,32,19
ersten 206,1601,76,16
Weltkriege 294,1596,138,28
beigetreten 444,1597,141,27
und 598,1597,49,21
hat 659,1597,41,20
uns 163,1638,42,14
während 214,1631,109,21
mehr 332,1631,64,21
als 406,1631,32,21
35 449,1632,25,20
Jahren 486,1631,88,23
die 583,1631,36,21
Treue 627,1632,73,20
bewahrt. 162,1664,111,21
<EOS>
Von 287,1664,52,21
jedermann 351,1665,138,27
geliebt 503,1665,85,27
und 601,1665,48,21
ge- 664,1672,35,20
achtet, 163,1698,86,24
durfte 264,1698,77,21
sich 356,1698,49,22
der 419,1698,40,22
liebe 472,1698,59,22
Heimgegan- 547,1698,152,28
gene 162,1740,56,19
eines 243,1732,60,21
großen 328,1732,87,27
Freundeskreises 439,1732,204,21
er- 667,1741,32,12
freuen. 161,1765,87,22
<EOS>
Ein 262,1766,44,20
treuer 317,1770,77,17
Freund 406,1766,91,21
ist 509,1767,30,20
von 551,1774,44,13
uns 608,1774,44,13
ge- 664,1775,36,19
gangen, 162,1808,96,19
wir 274,1800,41,20
werden 330,1800,92,21
ihm 436,1800,49,21
stets 501,1805,58,16
ein 575,1801,36,20
dank- 627,1800,72,21
bares 162,1834,66,21
Andenken 248,1833,127,22
bewahren. 397,1834,130,21
<EOS>
Er 549,1834,32,21
ruhe 600,1834,56,21
in 676,1835,24,20
Frieden. 163,1868,104,21
<EOS>
H. 670,1869,29,20
<EOS>
<EOP>
Thurgauerverein 243,2017,255,34
Luzern 511,2017,107,25
Seit 193,2104,47,21
dem 255,2104,51,21
letzten 320,2104,87,22
Bericht 421,2104,94,21
haben 528,2104,77,21
unsere 618,2112,81,14
internen 161,2138,107,21
Angelegenheiten 278,2138,208,28
keine 498,2138,67,21
Änderung 573,2134,126,32
erfahren, 162,2172,113,24
die 291,2172,36,21
Zusammenkünfte 342,2172,224,21
und 580,2173,49,20
Vor- 643,2173,56,21
träge 161,2208,65,25
mußten 253,2206,98,21
sogar 379,2213,66,20
reduziert 469,2206,115,21
werden 609,2206,91,22
wegen 162,2247,78,20
den 252,2239,45,22
vielen 308,2239,74,22
Anlässen, 395,2239,121,25
die 529,2240,36,21
der 578,2240,40,21
große 630,2240,69,27
Fremdenverkehr 162,2273,213,21
mit 395,2274,44,20
sich 460,2273,48,21
brachte. 528,2274,103,20
<EOS>
Im- 654,2274,45,20
merhin 162,2307,87,21
war 264,2315,47,12
für 323,2307,37,21
den 373,2307,44,21
Kontakt 431,2307,108,21
mit 553,2308,43,20
der 610,2308,39,21
en- 662,2316,37,13
geren 162,2349,66,19
Heimat 241,2341,96,21
gesorgt. 348,2346,97,22
<EOS>
Die 195,2375,40,21
Ueferanen/eier 251,2374,176,28
7914/1 439,2375,80,28
ö, 523,2376,21,23
an 556,2383,30,13
der 599,2376,40,21
sich 652,2376,48,21
auch 163,2408,59,21
die 248,2409,36,21
«Luzerner» 312,2409,146,21
beteiligten, 484,2409,143,28
war 653,2417,47,14
Zeugnis 163,2443,96,27
genug 282,2450,74,20
von 378,2450,47,14
der 448,2443,39,21
Verbundenheit 509,2443,191,22
zum 163,2484,52,13
lieben 232,2477,73,21
Thurgi, 323,2476,94,28
und 434,2477,49,21
der 500,2477,40,21
große 557,2477,70,27
Auf- 643,2477,56,22
marsch 163,2510,90,21
hatte 268,2510,67,22
ja 350,2511,23,26
alle 390,2510,43,22
Erwartungen 449,2510,167,28
über- 633,2511,66,21
troffen. 162,2543,91,22
<EOS>
Die 267,2544,42,21
Eindrücke 322,2544,131,21
werden 465,2544,90,21
den 568,2544,42,21
Betei- 624,2545,75,21
ligten 162,2577,71,28
noch 255,2578,59,21
lange 335,2578,65,28
in 422,2579,23,20
guter 467,2583,66,22
Erinnerung 555,2579,145,28
bleiben. 161,2611,98,22
<EOS>
<EOP>
Osisc/iwefzeriag 798,167,189,27
an 1014,174,31,13
der 1071,167,36,20
SjU4. 1135,166,66,21
<EOS>
Dieser 1230,167,80,20
denkwürdige 769,201,164,28
Tag 950,201,48,28
wird 1015,201,58,21
uns 1088,208,44,13
allen 1150,200,60,22
unver- 1226,208,83,14
geßlich 768,235,91,27
bleiben. 881,235,99,21
<EOS>
Nach 1003,235,65,21
heftigen 1092,235,105,27
Regen- 1220,235,89,27
tagen 768,274,71,22
wich 859,269,59,21
bei 938,269,37,21
uns 995,277,43,13
die 1060,268,36,22
Feststimmung, 1117,268,192,28
aber 770,304,55,21
welche 843,303,86,21
Überraschung 947,299,180,31
bot 1146,303,42,21
sich 1207,303,48,21
bei 1273,303,38,21
der 769,338,40,20
Aufstellung 828,337,148,27
des 997,337,38,21
Festzuges, 1056,337,132,27
als 1209,336,32,21
sich 1262,337,48,20
langsam 769,372,105,27
die 890,371,36,21
Nebel 942,371,74,21
verzogen, 1031,378,121,20
der 1169,371,40,21
Alpen- 1224,371,85,27
kränz 769,406,71,21
frei 848,406,43,21
wurde 899,404,78,22
und 986,404,48,22
die 1044,405,36,21
Sonne 1091,405,76,21
ihre 1175,405,49,21
ersten 1234,410,76,16
Strahlen 771,439,108,22
in 900,440,25,21
den 946,439,45,22
bunten 1012,439,89,22
Festzug 1124,439,99,28
warf. 1245,439,63,22
<EOS>
Freude 772,473,86,21
lag 875,473,37,28
auf 925,473,42,21
allen 980,473,60,21
Gesichtern, 1055,472,143,26
und 1211,473,49,21
die 1273,473,36,21
Thurgauer 769,507,135,28
konnten 925,507,105,21
reichen 1051,507,93,21
Beifall 1165,507,83,21
des 1270,507,39,21
Publikums 771,542,136,21
entgegennehmen. 923,541,222,28
<EOS>
Unsere 1161,541,88,21
De- 1266,541,43,21
legation 769,576,101,27
wurde 890,575,78,22
fast 988,576,47,20
vom 1054,583,56,13
Heimweh 1130,575,121,21
be- 1272,576,37,20
fallen, 769,610,78,25
hörte 857,610,67,21
man 935,617,56,14
doch 1002,610,59,21
wieder 1071,610,84,21
die 1166,610,36,21
richtige 1212,610,97,27
Muttersprache 771,643,184,28
und 963,643,49,22
das 1021,643,41,22
heimatliche 1068,643,148,22
schöne 1225,643,84,22
Lied, 770,678,63,25
welches 842,677,96,22
von 947,685,47,14
der 1003,677,39,22
Trachtengruppe 1051,677,206,27
mit 1268,677,42,21
den 770,712,44,21
Offiziellen 826,711,127,22
gesungen 965,720,118,18
wurde 1094,711,78,21
: 1179,720,3,12
<EOS>
<EOP>
O 800,769,19,21
Heimat 832,769,95,20
wie 939,769,41,20
blüht 992,768,69,21
dir 1073,769,34,20
im 1118,769,33,20
sonnigen 1162,769,112,26
Glanz 832,803,72,20
Von 799,837,53,21
Dörfern 862,837,99,21
und 973,837,46,21
Flecken 1030,837,99,21
ein 1140,837,37,21
herrlicher 1187,837,123,21
Kranz! 832,870,87,22
<EOS>
— 932,884,30,1
M. 1281,871,28,21
<EOS>
<EOP>
Thurgauerverein 820,1032,254,35
Winterthur 1088,1031,174,26
<EOS>
<EOP>
Im 802,1121,35,20
Jahrbuch 858,1120,120,24
1954 998,1120,56,21
konnten 1073,1120,106,21
wir 1196,1120,40,20
über 1256,1120,55,20
den 770,1154,45,21
Verlauf 842,1154,98,21
der 965,1154,40,21
denkwürdigen 1033,1153,179,28
Jubi- 1244,1153,65,23
läumsfeier 770,1188,131,21
«150 916,1188,57,21
Jahre 989,1188,70,23
Kanton 1074,1188,98,21
Thurgau» 1183,1187,127,28
berichten, 771,1222,126,24
während 908,1221,110,22
bei 1028,1222,37,22
der 1076,1222,40,21
Abfassung 1126,1222,133,27
des 1270,1222,40,21
Berichtes 773,1256,116,22
unsere 904,1264,82,13
eigene 1002,1256,78,28
Feier 1096,1256,65,21
«50 1178,1256,42,21
Jahre 1239,1256,71,22
Thurgauerverein 770,1290,215,27
Winterthur», 1001,1289,170,26
die 1189,1289,35,22
eben- 1241,1289,68,22
falls 770,1324,50,21
ins 831,1325,35,20
Jubiläumsjahr 880,1323,185,28
1953 1078,1324,56,21
fiel, 1145,1323,45,26
kurz 1201,1324,56,21
vor 1268,1332,42,13
der 770,1358,39,21
Durchführung 823,1358,182,27
stand. 1018,1358,77,21
<EOS>
Mit 803,1393,40,20
einem 864,1393,75,20
gediegenen 958,1391,140,28
Familienabend 1118,1391,191,22
verbunden, 770,1426,144,25
fand 925,1426,57,21
diese 996,1425,60,23
Jubiläumsfeier 1070,1426,189,23
am 1273,1433,37,13
28. 771,1461,34,20
<EOS>
November 816,1461,133,21
1953 962,1461,56,21
unter 1029,1465,68,16
der 1109,1460,39,21
Leitung 1159,1460,99,27
des 1270,1459,39,22
rührigen 770,1494,108,27
Präsidenten 892,1494,152,21
Hermann 1058,1494,121,21
Knoll 1194,1494,71,21
im 1278,1494,32,21
dekorierten 770,1528,146,21
Neuwiesenhof-Saal 928,1527,245,22
statt. 1185,1532,66,17
<EOS>
Die 1266,1527,43,22
Thurgauische 770,1562,172,28
Regierung 953,1562,131,27
war 1093,1570,47,12
durch 1151,1561,72,21
Herrn 1234,1561,76,21
Regierungspräsident 771,1596,263,28
Dr. 1045,1596,40,21
<EOS>
W. 1096,1596,35,20
<EOS>
Stähelin 1145,1595,105,22
ver- 1259,1604,49,12
treten, 770,1635,83,20
während 876,1630,110,21
die 1008,1630,36,21
Stadtbehörde 1068,1630,172,21
von 1262,1637,47,13
Winterthur 771,1664,145,21
ihr 938,1664,36,21
Oberhaupt, 998,1664,145,27
Herrn 1168,1664,76,21
Dr. 1267,1664,40,20
<EOS>
H. 770,1698,30,21
<EOS>
Riiegg 812,1698,80,28
abordnete. 916,1698,134,21
<EOS>
Der 1074,1698,46,21
Gemeinderat 1145,1698,164,21
Münchwilen 770,1732,155,21
beehrte 936,1732,94,21
uns 1041,1740,44,13
mit 1097,1732,43,21
dem 1153,1731,53,22
Besuch 1218,1731,91,22
einer 770,1767,61,20
Dreierdelegation. 853,1766,220,27
<EOS>
Im 1097,1767,36,19
Mittelpunkt 1154,1766,155,27
der 770,1800,39,21
Feier 826,1800,65,21
stand 907,1800,69,21
die 992,1800,36,20
Jubiläumsansprache 1046,1799,263,27
von 769,1842,47,12
Ehrenpräsident 835,1834,199,27
Konrad 1053,1834,97,20
Saxer, 1171,1833,79,25
der 1270,1833,39,21
auch 770,1868,60,21
den 852,1868,45,21
zu 919,1875,28,14
Herzen 969,1868,92,21
sprechenden 1082,1868,158,27
Eh- 1263,1868,45,20
rungsakt 769,1902,113,27
an 894,1909,30,13
einer 935,1902,62,21
stattlichen 1008,1902,136,21
Gruppe 1157,1901,94,28
von 1262,1909,47,13
Ehrenmitgliedern 770,1935,226,28
vollzog. 1020,1935,98,28
<EOS>
Mit 1144,1935,44,21
großem 1213,1935,96,28
Beifall 770,1969,83,22
wurden 869,1969,95,22
die 980,1969,36,22
Ansprachen 1033,1969,151,27
von 1201,1977,47,14
Re- 1265,1969,43,21
gierungspräsident 770,2003,227,27
Dr. 1007,2003,39,21
<EOS>
Stähelin 1060,2003,104,21
und 1172,2003,49,21
Stadt- 1229,2003,79,21
Präsident 769,2037,120,27
Dr. 910,2037,39,20
<EOS>
Riiegg 962,2037,80,27
aufgenommen, 1064,2037,187,27
die 1273,2037,35,21
durch 770,2071,72,21
anerkennende 856,2071,177,21
Worte 1047,2071,80,21
die 1141,2071,36,21
Tätigkeit 1190,2071,119,27
der 770,2105,39,21
Thurgauervereine 835,2105,228,28
würdigten. 1090,2105,136,27
<EOS>
Ver- 1253,2105,55,21
schiedene 770,2139,121,21
Glückwünsche 928,2139,183,21
befreundeter 1146,2139,163,21
Vereine 769,2173,96,21
und 886,2173,49,21
Behörden 957,2173,123,21
waren 1101,2180,77,14
mit 1199,2173,43,20
Ge- 1267,2172,41,21
schenken 770,2206,116,22
begleitet. 906,2206,116,28
<EOS>
Der 1045,2206,46,22
Festakt 1112,2206,98,22
wurde 1230,2206,78,22
durch 770,2240,72,21
Liedervorträge 866,2240,191,27
des 1080,2240,39,21
Männerchors 1143,2240,165,21
des 770,2274,39,21
Thurgauervereins 819,2274,225,28
Zürich 1056,2274,83,21
sinnvoll 1149,2274,100,21
um- 1258,2282,49,13
rahmt. 768,2308,85,21
<EOS>
Im 871,2309,36,20
zweiten 923,2309,96,21
Teil 1034,2308,48,21
kamen 1097,2309,86,20
auch 1198,2308,59,21
die 1273,2308,35,21
Geselligkeit 771,2342,148,28
und 934,2342,48,21
fröhliche 997,2342,112,21
Unterhaltung, 1125,2342,182,27
angeregt 770,2381,109,23
durch 901,2377,74,20
ein 997,2377,36,20
Kabarettprogramm 1056,2377,253,27
und 769,2410,48,21
den 834,2410,45,21
Darbietungen 896,2410,176,28
der 1089,2410,40,22
Tanzkapelle, 1145,2410,163,27
zu 770,2452,27,13
ihrem 806,2443,74,22
Recht. 891,2444,81,21
<EOS>
Am 798,2477,46,22
31. 858,2478,34,21
<EOS>
Dezember 903,2478,128,21
1953 1046,2478,55,21
nahm 1114,2478,72,21
der 1200,2477,40,22
Vor- 1251,2477,57,22
stand 770,2512,69,20
an 860,2520,29,13
der 909,2512,40,21
Wappenscheibe-Übergabe- 965,2508,344,31
feier 769,2546,56,21
in 838,2547,25,19
Frauenfeld 877,2546,139,21
teil. 1031,2546,47,21
<EOS>
Als 1094,2546,40,21
äußeres 1151,2546,94,21
Zei- 1262,2546,46,21
chen 770,2580,58,21
der 843,2580,39,21
Dankbarkeit 897,2581,162,20
für 1074,2580,37,21
die 1125,2581,37,20
Einladung 1177,2580,132,27
zur 770,2621,39,13
Jubiläumsfeier 829,2614,189,23
in 1034,2615,24,20
Frauenfeld, 1075,2614,147,24
sowie 1240,2614,68,21
<EOS>
<EOP>
als 1380,166,32,21
Ausdruck 1429,166,124,21
der 1570,167,40,21
Verbundenheit 1626,166,191,22
zu 1834,174,28,13
un- 1878,174,41,13
serer 1379,208,60,14
engeren 1451,208,98,20
Heimat, 1560,201,105,25
überreichte 1676,201,144,21
Ehren- 1832,201,87,20
Präsident 1379,235,120,27
Herr 1514,235,59,21
J. 1589,235,22,23
<EOS>
Oswald, 1623,235,100,24
Basel, 1738,235,76,24
im 1827,235,33,21
Na- 1874,235,45,20
men 1379,277,54,13
der 1445,268,39,22
acht 1497,269,54,21
Thurgauervereine 1563,269,229,27
der 1804,268,39,22
thur- 1855,268,65,22
gauischen 1379,303,126,27
Regierung 1516,303,131,27
eine 1659,304,49,20
prächtige 1720,303,119,27
Wap- 1851,303,68,26
penscheibe, 1379,337,147,27
in 1538,338,25,20
deren 1576,337,70,21
Mittelpunkt 1658,337,155,26
die 1826,336,37,21
far- 1875,336,44,21
benprächtige 1379,371,167,28
Wiedergabe 1570,371,150,28
des 1742,371,39,21
Schlosses 1805,371,115,21
Frauenfeld 1380,405,138,22
steht. 1551,406,70,21
<EOS>
Regierungspräsident 1658,405,262,28
Dr. 1380,439,40,22
<EOS>
Stähelin 1434,439,104,22
gab 1560,440,44,27
der 1626,439,39,22
Freude 1687,439,89,22
und 1797,439,49,21
dem 1868,439,53,22
Dank 1380,473,69,21
für 1461,473,37,21
dieses 1510,473,72,21
Geschenk 1597,473,120,21
Ausdruck. 1731,473,128,21
<EOS>
Das 1875,473,45,21
nachfolgende 1379,507,169,28
Bankett 1560,508,101,20
gab 1670,507,45,27
weiter 1725,508,78,20
Gelegen- 1811,507,108,27
heit, 1379,542,56,24
die 1445,542,36,20
freundschaftlichen 1490,541,238,21
Bande 1740,541,79,21
mit 1829,542,43,20
der 1881,541,39,21
thurgauischen 1381,576,181,27
Regierung 1576,576,130,27
zu 1720,583,28,13
festigen. 1760,575,106,28
<EOS>
Am 1410,610,45,20
14. 1474,610,33,20
<EOS>
März 1518,610,64,20
1954 1600,610,57,21
wurden 1675,610,95,21
in 1786,610,24,20
der 1827,610,40,20
51. 1885,610,34,20
<EOS>
Generalversammlung 1382,643,272,28
die 1676,643,35,22
üblichen 1732,643,110,22
Jah- 1864,643,55,23
resgeschäfte 1379,677,155,28
erledigt. 1550,677,104,27
<EOS>
Als 1672,677,37,22
Nachfolger 1726,677,139,27
des 1881,677,39,22
bewährten 1381,711,134,21
Kassiers 1529,712,103,20
Heinrich 1644,711,111,21
Zehnder 1767,711,104,21
be- 1882,711,37,21
liebte 1381,746,68,21
als 1466,745,32,21
neues 1514,754,70,13
Mitglied 1603,745,102,28
des 1721,746,39,20
Vorstandes 1776,745,144,21
Malermeister 1383,780,163,21
Bernhard 1558,780,121,21
Traxler. 1691,779,101,21
<EOS>
Der 1807,780,46,20
Vor- 1863,779,57,21
stand 1380,814,69,21
setzt 1459,818,60,17
sich 1529,814,47,21
wie 1587,814,41,21
folgt 1637,814,60,27
zusammen: 1707,821,144,14
Her- 1864,814,56,21
mann 1381,855,71,14
Knoll, 1477,848,78,23
Präsident; 1582,848,133,24
Sepp 1744,848,60,27
Vetter, 1830,848,90,24
Vize-Präsident; 1382,881,199,26
Walter 1607,881,88,22
Moos, 1719,882,73,25
Aktuar; 1817,881,103,25
Max 1379,917,55,20
Widmer, 1445,916,111,25
Kassier; 1569,916,104,25
Bernhard 1688,916,119,20
Traxler, 1817,915,103,25
Beisitzer. 1383,950,115,21
<EOS>
Eine 1516,950,58,21
verdiente 1591,950,120,21
Ehrung 1729,950,96,27
wurde 1842,949,78,21
Präsident 1383,984,120,21
Hermann 1516,984,121,21
Knoll 1648,984,72,21
zu 1732,992,28,12
teil, 1771,984,48,24
der 1832,984,40,20
für 1883,984,37,20
seine 1380,1019,61,20
langjährige 1451,1018,143,28
Mitarbeit 1605,1019,121,20
und 1736,1018,48,21
in 1794,1019,24,19
Würdi- 1829,1018,91,21
gung 1380,1060,61,20
der 1455,1052,39,22
erfolgreichen 1507,1052,165,28
Durchführung 1685,1052,182,27
des 1881,1052,39,21
Vereins-Jubiläums 1379,1086,242,23
zum 1630,1094,53,13
Ehrenmitglied 1692,1085,185,28
er- 1887,1094,32,13
nannt 1379,1125,76,16
wurde. 1473,1120,86,21
<EOS>
Dieselbe 1580,1120,106,21
wurde 1705,1120,78,21
auch 1803,1120,61,21
zu- 1882,1128,38,12
folge 1379,1154,60,28
25jähriger 1449,1154,129,28
Zugehörigkeit 1588,1154,177,27
zum 1775,1162,53,13
Verein 1836,1154,84,21
an 1380,1196,30,13
Alois 1421,1188,63,21
Frei 1497,1189,52,20
und 1560,1189,48,20
Ernst 1621,1188,71,21
Frisch 1704,1188,79,21
verliehen. 1795,1188,124,21
<EOS>
Nach 1379,1223,68,21
dem 1463,1223,53,21
Wurstmahl 1532,1223,146,21
erfreute 1695,1222,99,22
die 1811,1223,36,21
Vor- 1864,1223,56,20
führung 1379,1256,102,28
des 1499,1256,40,22
Farbenfilmes 1559,1256,165,22
von 1742,1264,48,13
der 1808,1256,40,21
150- 1869,1256,50,21
Jahrfeier 1382,1290,114,23
in 1509,1290,25,21
Frauenfeld 1548,1289,139,22
die 1702,1290,35,21
Anwesenden. 1752,1290,167,21
<EOS>
Die 1410,1324,42,21
Autocar-Reise 1470,1324,183,21
vom 1670,1333,56,12
Sonntag, 1744,1324,112,27
den 1875,1324,44,21
27. 1380,1359,35,20
<EOS>
Juni 1425,1359,57,23
1954, 1495,1359,64,24
in 1568,1359,25,20
das 1604,1358,41,21
schöne 1657,1358,85,21
Berner 1753,1359,86,20
Ober- 1849,1358,70,21
land 1378,1393,55,20
wies 1456,1393,53,21
eine 1532,1393,49,21
ansehnliche 1603,1393,147,21
Beteiligung 1775,1392,144,28
auf. 1380,1427,46,21
<EOS>
Die 1441,1427,43,21
interessante 1497,1427,153,21
Fahrt 1665,1427,72,20
führte 1750,1427,79,20
zuerst 1843,1431,77,16
über 1378,1461,57,21
Zürich, 1456,1461,90,24
Wohlen 1566,1461,99,21
nach 1684,1461,61,21
Sursee, 1767,1460,89,25
mit 1876,1461,44,20
kurzem 1378,1494,96,22
Halt, 1489,1494,65,25
dann 1571,1494,62,22
über 1649,1494,56,22
Huttwil, 1720,1494,110,25
Lang- 1845,1494,74,27
nau 1378,1537,48,12
nach 1444,1528,60,21
Thun. 1521,1528,76,21
<EOS>
Im 1617,1528,37,21
prächtig 1671,1528,107,27
gelegenen 1797,1528,122,27
Krattigen 1379,1563,126,27
ob 1519,1563,30,20
Spiez 1564,1562,66,27
fand 1643,1562,56,21
das 1714,1562,40,21
Mittagessen 1768,1562,151,27
statt. 1379,1601,66,16
<EOS>
Der 1462,1597,43,21
nächste 1516,1597,98,21
Besuch 1629,1597,89,20
galt 1730,1596,47,28
der 1790,1597,40,20
Frem- 1842,1596,77,21
denmetropole 1379,1631,175,27
Interlaken, 1582,1631,143,24
mit 1753,1631,44,20
kurzem 1825,1631,94,20
Zwischenhalt, 1379,1665,177,24
um 1571,1672,41,13
dann 1626,1664,64,22
dem 1704,1665,54,21
Brienzersee 1773,1665,146,21
entlang 1379,1698,94,28
dem 1491,1698,53,22
Brünig 1561,1698,87,28
zuzustreben. 1666,1698,160,22
<EOS>
Wenn 1844,1698,75,22
auch 1379,1732,59,21
von 1455,1740,48,13
hier 1520,1732,48,21
aus 1587,1740,39,13
Petrus 1645,1732,82,21
zeitweilig 1746,1732,119,27
die 1883,1732,36,21
Schleusen 1381,1766,124,21
öffnete, 1521,1765,95,26
so 1633,1774,24,13
tat 1674,1771,37,16
dies 1727,1766,48,21
der 1792,1766,39,21
guten 1847,1770,72,23
Stimmung 1381,1800,132,28
keinen 1526,1801,84,20
Abbruch 1621,1800,113,21
mehr. 1747,1800,72,21
<EOS>
In 1834,1800,28,21
Lu- 1875,1800,44,21
zern 1379,1842,53,13
wurde 1445,1835,77,20
der 1537,1834,39,21
letzte 1588,1834,71,21
Stundenhalt 1674,1834,157,21
einge- 1845,1835,74,27
schaltet, 1378,1868,108,25
worauf 1498,1868,90,21
die 1597,1869,36,20
Rückreise 1645,1868,125,21
liber 1781,1868,57,21
Arth- 1849,1868,70,21
Goldau 1382,1902,90,22
- 1483,1915,7,4
Sattel 1503,1902,74,22
- 1588,1915,7,3
Rapperswil 1606,1902,145,28
nach 1772,1902,62,22
Win- 1856,1902,63,21
terthur 1378,1936,93,21
angetreten 1487,1941,135,22
wurde. 1637,1936,86,21
<EOS>
Für 1741,1936,45,21
alle 1803,1936,43,21
Teil- 1861,1936,58,21
nehmer 1378,1970,96,21
wird 1495,1970,56,21
diese 1574,1970,61,21
schöne 1657,1970,85,21
Fahrt 1764,1969,73,22
noch 1858,1969,61,22
lange 1378,2004,66,27
in 1458,2004,25,21
bester 1496,2004,77,21
Erinnerung 1588,2004,145,27
bleiben. 1747,2004,99,20
<EOS>
Das 1409,2038,47,20
traditionelle 1466,2038,156,21
Preiskegeln 1633,2038,147,27
im 1788,2038,33,20
Herbst 1831,2037,88,21
fand 1378,2072,57,21
auch 1450,2072,60,21
dieses 1525,2072,72,21
Jahr 1614,2072,57,23
einen 1687,2073,66,20
erfreulichen 1768,2072,152,21
Zuspruch. 1379,2106,126,27
<EOS>
An 1520,2106,37,21
drei 1570,2106,47,21
Sonntagen 1632,2106,133,27
wurden 1780,2106,95,20
im 1887,2106,32,20
«Rosengarten» 1381,2140,192,27
die 1606,2140,36,21
Kräfte 1676,2140,83,21
gemessen. 1792,2147,126,20
<EOS>
Beim 1379,2173,66,22
Absenden 1456,2173,124,22
an 1593,2181,30,14
der 1634,2173,40,22
nächsten 1684,2173,115,22
General- 1812,2173,107,22
Versammlung 1378,2207,174,27
kann 1560,2207,64,21
jeder 1631,2206,65,28
Teilnehmer 1702,2207,145,21
einen 1853,2207,66,21
Preis 1379,2241,63,21
in 1452,2242,24,20
Empfang 1487,2241,117,27
nehmen. 1614,2241,107,21
<EOS>
Als 1409,2275,40,21
letzte 1458,2275,70,21
Veranstaltung 1538,2275,183,27
dieses 1732,2275,72,21
Vereins- 1814,2275,105,21
jahres 1378,2309,77,27
wird 1472,2309,55,21
am 1544,2316,38,14
27. 1599,2310,34,20
<EOS>
November 1645,2309,133,21
im 1793,2310,33,20
«Neu- 1843,2309,76,21
wiesenhof» 1378,2343,143,21
der 1545,2343,40,21
Heimatabend 1610,2343,174,21
durchge- 1808,2343,111,27
führt. 1378,2377,72,21
<EOS>
Leider 1409,2410,82,22
wurde 1507,2410,78,22
uns 1600,2418,44,14
durch 1661,2410,74,22
den 1751,2410,45,22
Tod 1812,2410,50,22
das 1879,2410,40,22
Mitglied 1378,2444,106,28
Jakob 1519,2444,77,23
Schwarzer 1632,2444,131,21
entrissen. 1797,2445,121,20
<EOS>
Ehre 1379,2479,61,20
seinem 1454,2479,86,20
Andenken. 1553,2478,137,21
<EOS>
V 1409,2512,20,21
erschiedene 1431,2512,146,21
Mitgliederversammlungen 1584,2512,335,28
dienten 1380,2547,95,21
zur 1498,2554,39,13
Erledigung 1560,2546,141,28
der 1725,2546,39,21
Vereinsge- 1786,2546,133,28
Schäfte 1380,2581,89,22
und 1481,2581,49,21
Pflege 1543,2581,76,28
der 1632,2581,39,21
Kameradschaft. 1685,2581,204,21
<EOS>
<EOP>
W.M. 1852,2615,68,21
<EOS>
<EOP>
50 1024,2752,33,25
<EOS>
<EOP>
