2116,2962
sich 178,166,48,22
mit 246,167,44,21
dem 310,167,52,21
Liegenschaftenhandel. 383,168,286,27
<EOS>
Es 690,168,31,21
ging 179,202,53,27
ihm 243,201,49,21
vor 304,209,41,13
allem 358,202,68,21
darum, 439,202,89,25
bei 541,202,37,22
der 590,202,40,22
Sanie- 643,202,78,22
rung 178,242,59,20
im 267,235,33,21
Liegenschaftenhandel 329,235,280,27
mitzu- 638,237,83,20
wirken. 179,269,94,21
<EOS>
Er 293,269,31,21
wurde 341,269,79,21
Mitglied 438,269,105,28
des 561,270,39,21
Zentral- 619,270,102,21
Vorstandes 179,302,139,21
der 339,303,39,20
Schweizerischen 400,302,207,23
Liegen- 627,304,94,27
schaften-Berufsvermittler. 179,336,341,22
<EOS>
Er 549,338,32,20
gründete 609,338,112,27
die 179,371,36,20
Sektion 235,370,96,21
Thurgau, 347,371,119,27
strebte 483,372,89,21
Fachkurse 589,372,132,21
zur 179,412,40,13
Fortbildung 240,405,154,27
der 415,405,39,21
Mitglieder 474,405,130,28
an 624,413,30,13
und 673,406,48,20
führte 178,439,79,21
auch 273,439,59,21
die 347,439,36,22
Diplomprüfungen 398,439,229,28
durch. 641,439,80,22
<EOS>
Nach 179,472,67,22
schwerem 255,472,125,22
Krankenlager 390,472,176,28
starb 576,473,64,21
Ernst 651,473,71,21
Rieben 179,507,90,20
am 290,515,38,12
26. 350,507,34,21
<EOS>
März 395,507,63,21
1954. 481,508,63,21
<EOS>
Es 566,508,32,20
war 619,516,46,13
ein 687,508,34,20
Leben 179,541,79,21
der 279,541,40,21
Arbeit, 340,541,89,25
der 452,542,40,20
Pflichterfüllung, 513,541,209,28
der 179,575,39,21
steten 228,579,77,17
Sorge 315,575,69,27
um 393,583,40,13
das 442,576,41,20
Wohl 492,575,69,21
der 570,576,40,20
Familie, 618,575,104,25
das 179,609,41,20
Ernst 234,609,71,20
Rieben 319,609,89,21
gelebt 422,609,76,28
hat. 511,610,49,21
<EOS>
<EOP>
Dr. 253,735,48,25
<EOS>
med. 310,736,73,24
<EOS>
Helmuth 391,735,135,25
Schinid 541,735,111,25
Es 211,811,30,21
gibt 252,811,49,28
tüchtige 312,811,104,27
Männer, 427,811,104,25
die 542,811,35,21
mit 588,812,43,20
außer- 642,811,79,21
ordentlichem 180,845,169,21
Fleiß 367,845,63,21
und 447,845,48,21
Erfolg 513,845,79,28
in 609,846,23,19
ihrem 649,846,73,20
Beruf 180,879,74,21
arbeiten, 267,880,111,23
aber 393,880,54,20
gerade 461,880,82,26
wegen 557,887,79,20
dieses 649,879,72,21
Fleißes 180,913,89,21
nie 283,914,36,20
dazu 333,914,59,20
gekommen 406,914,137,27
sind, 556,914,60,24
sich 629,914,49,20
im 689,914,32,20
öffentlichen 181,947,149,21
Leben 344,947,77,21
her 434,947,40,21
vor 477,955,40,13
zutun 520,952,73,16
oder 606,947,54,21
ihre 673,947,48,22
Erlebnisse 180,981,131,21
und 324,981,49,21
Gedanken 389,980,127,22
in 529,982,24,20
einem 567,981,75,21
Buch 655,981,66,21
niederzulegen. 179,1015,183,27
<EOS>
Trotzdem 374,1015,125,21
wäre 510,1018,60,18
es 582,1023,22,13
unrecht, 615,1015,106,26
ihrer 179,1049,61,21
nicht 256,1049,65,21
zu 338,1057,28,13
gedenken, 382,1049,127,27
wenn 526,1057,67,13
sie 610,1050,30,20
nicht 656,1049,65,21
mehr 180,1083,65,21
unter 256,1088,68,16
uns 335,1091,43,13
sind. 391,1083,58,21
<EOS>
Zu 462,1083,33,21
diesen 507,1083,77,21
Stillen 598,1082,80,22
im 689,1084,32,19
Lande, 181,1117,87,25
deren 283,1117,68,21
Leistungen 366,1117,140,27
aber 521,1118,54,20
von 588,1124,47,14
jeder- 647,1117,74,27
mann 181,1158,71,14
anerkannt 275,1151,131,21
wurden, 428,1151,101,25
hat 551,1151,43,21
Dr. 616,1151,39,21
<EOS>
Hei- 667,1151,54,21
muth 181,1185,68,21
Schmid, 262,1184,101,26
Arzt 374,1184,57,22
in 440,1185,24,21
Frauenfeld, 475,1184,146,26
gehört. 632,1184,88,28
<EOS>
Die 212,1219,41,21
Schmide 273,1218,107,22
sind 398,1219,51,21
ein 467,1219,36,21
alteingesessenes 521,1218,200,28
Geschlecht 184,1253,136,21
von 333,1261,47,13
Stein 395,1253,64,21
am 472,1261,39,13
Rhein, 522,1253,83,25
aus 616,1261,39,13
dem 670,1253,51,21
der 182,1287,39,21
hervorragende 243,1287,184,27
Diplomat 450,1286,121,28
und 593,1287,48,20
Hof- 665,1286,56,21
kriegsrat 183,1321,112,27
Freiherr 319,1321,104,21
Joh. 450,1321,52,23
<EOS>
Rudolf 515,1321,89,20
Schmid 628,1320,93,22
von 181,1362,47,14
Schwarzenborn 249,1355,195,21
hervorgegangen 462,1355,203,27
ist. 682,1356,39,20
<EOS>
Weniger 184,1389,104,27
bekannt 305,1389,105,21
ist 427,1389,30,21
ein 475,1389,36,21
Zweig 529,1389,75,27
der 622,1388,39,22
Fa- 679,1389,42,20
milie, 182,1422,69,26
der 262,1422,39,22
zu 312,1431,28,13
Anfang 349,1422,93,27
des 453,1422,39,22
19. 504,1423,33,21
<EOS>
Jahrhunderts 550,1422,171,23
das 182,1457,41,21
Bürgerrecht 244,1456,154,27
von 417,1464,47,13
Thundorf 484,1456,124,21
erwarb. 627,1456,94,21
<EOS>
Eugen 183,1491,81,27
Christian 296,1490,115,21
Schmid 445,1490,93,21
(1859-1916) 570,1490,152,28
wurde 182,1525,78,21
Jurist, 278,1524,81,25
ließ 375,1524,45,21
sich 436,1524,48,21
zunächst 500,1524,112,21
als 628,1524,32,21
An- 676,1524,45,20
wait 182,1559,55,21
in 246,1559,25,20
Bischofszell 281,1558,149,21
nieder, 439,1559,87,24
wo 536,1566,35,13
er 583,1566,22,13
zum 616,1566,53,13
Be- 680,1559,42,20
zirksgerichtspräsidenten 183,1593,312,28
gewählt 516,1593,100,27
wurde. 637,1593,84,21
<EOS>
Dann 184,1627,68,21
folgte 262,1626,72,28
aber 346,1626,54,22
die 411,1626,36,22
Berufung 458,1626,119,28
zum 588,1634,53,14
Ober- 653,1626,69,22
richter 185,1661,83,20
1897, 281,1661,64,25
zum 356,1668,54,13
Verhörrichter 421,1660,173,21
1903 608,1661,55,20
und 674,1660,48,21
zum 183,1703,53,13
Regierungsrat 249,1695,179,27
1905. 442,1695,63,20
<EOS>
Er 518,1694,31,21
wohnte 560,1694,93,21
nun- 665,1702,57,13
mehr 183,1728,64,21
in 260,1729,24,20
Frauenfeld 298,1727,138,22
und 450,1728,49,20
leitete 511,1728,78,21
da 604,1728,28,20
bis 646,1728,35,20
zu 695,1736,28,12
seinem 183,1763,85,20
Tode 293,1762,63,21
das 380,1762,41,21
Justiz- 447,1762,85,23
und 556,1762,49,20
Polizei- 629,1762,93,21
département. 184,1797,168,27
<EOS>
Aus 367,1796,48,21
seiner 430,1796,72,21
ersten 516,1800,77,17
Ehe 607,1796,49,20
(mit 671,1796,52,27
Friederike 184,1830,130,21
Sieburg 329,1830,94,27
aus 437,1837,40,13
Jena) 492,1830,68,27
gingen 573,1830,83,27
zwei 669,1830,54,21
Söhne 185,1864,76,21
hervor, 279,1864,90,25
Willy 387,1864,69,27
und 473,1864,49,21
Helmuth; 540,1864,125,24
der 684,1864,39,20
jüngere 181,1898,96,27
kam 293,1897,55,21
am 365,1905,37,13
28. 419,1898,35,20
<EOS>
August 465,1897,91,27
1891 573,1897,54,22
in 645,1897,24,21
Bi- 686,1897,36,21
schofszell 183,1931,120,22
zur 318,1940,39,12
Welt. 373,1930,67,22
<EOS>
Der 458,1931,46,21
kleine 519,1930,75,22
Helmuth 610,1931,113,21
war 183,1974,46,12
ein 241,1966,37,20
ungewöhnlich 289,1965,177,27
aufgeweckter 478,1964,168,28
Kna- 659,1965,63,20
be, 183,2001,36,23
der 231,2000,40,21
das 282,2000,41,20
Lesen 334,1999,73,21
und 417,1999,49,21
das 478,2000,40,20
Rechnen 531,1999,110,21
schon 652,1999,71,21
beherrschte, 183,2033,156,24
als 360,2032,31,21
er 412,2040,23,13
in 454,2033,24,20
die 498,2033,36,20
Primarschule 555,2032,167,21
eintrat. 184,2068,92,21
<EOS>
Seine 303,2066,65,22
Lehrerin 392,2067,109,20
schlug 525,2066,79,27
deshalb 627,2066,95,21
vor, 183,2109,50,17
ihn 243,2101,41,20
gleich 295,2101,72,27
in 378,2101,23,20
die 413,2100,36,21
zweite 460,2101,78,20
Klasse 551,2100,81,21
aufzu- 644,2100,78,21
nehmen, 183,2134,107,25
und 307,2134,49,21
erhielt 373,2134,81,21
dazu 471,2134,59,21
die 547,2134,36,21
Erlaubnis 599,2134,124,21
der 185,2169,39,20
Frauenfelder 252,2167,164,22
Schulvorsteherschaft. 447,2167,274,22
<EOS>
Aber 184,2202,61,21
als 257,2201,31,22
der 299,2202,40,21
Knabe 350,2201,83,22
die 445,2201,35,22
sechste 491,2201,89,22
Klasse 591,2201,82,22
ab- 684,2201,38,22
solviert 185,2236,94,21
hatte, 295,2236,74,24
konnte 385,2235,88,21
er 490,2243,23,13
nach 529,2235,60,21
den 606,2235,45,21
Vor- 666,2234,57,22
Schriften 185,2270,110,21
der 323,2269,39,21
Thurgauischen 388,2269,189,27
Kantons- 605,2269,118,20
schule, 185,2304,84,24
weil 281,2304,50,20
er 342,2311,23,13
ein 376,2304,35,20
Jahr 424,2303,58,23
zu 493,2311,28,12
jung 530,2303,58,26
war, 599,2311,54,16
noch 664,2303,60,20
nicht 185,2338,64,21
ins 261,2338,35,20
Gymnasium 312,2337,153,27
aufgenommen 478,2337,179,26
wer- 669,2344,54,13
den; 185,2372,55,25
deshalb 260,2371,94,21
entschloß 373,2370,120,22
sich 512,2370,48,21
sein 578,2371,49,20
Vater, 643,2370,80,24
ihn 185,2406,40,21
nach 236,2405,61,22
Winterthur 308,2405,146,21
zu 466,2412,28,13
schicken, 505,2405,115,24
wo 632,2412,33,13
die- 679,2405,45,20
ses 185,2448,35,13
Hindernis 236,2439,124,21
nicht 375,2438,65,22
bestand. 455,2438,105,22
<EOS>
So 579,2438,29,21
kam 623,2438,55,21
es, 693,2446,31,17
daß 186,2473,45,21
der 250,2473,39,21
Sohn 308,2472,63,21
des 389,2471,38,22
thurgauischen 445,2471,181,28
Regie- 644,2471,80,28
rungsrates 185,2511,133,23
das 329,2506,39,21
Gymnasium 382,2505,153,27
in 544,2506,24,20
Winterthur 578,2505,146,21
besuchte, 185,2541,119,24
dort 311,2540,51,21
in 370,2540,24,20
den 400,2540,44,20
Verein 450,2539,83,21
«Vitodurania» 539,2538,185,21
eintrat 186,2576,86,20
und 284,2574,48,21
schließlich 345,2573,132,21
dort 490,2573,53,21
auch 555,2573,60,20
die 628,2573,35,20
Ma- 676,2573,48,20
turitätsprüfung 186,2607,198,28
bestand. 403,2606,106,22
<EOS>
Arnold 528,2606,88,21
Kübler 636,2607,89,20
<EOS>
<EOP>
schildert 792,947,109,22
in 917,948,24,21
seinem 959,948,87,21
«Oeppi 1065,947,89,28
von 1172,956,46,13
Wasen- 1237,947,93,22
wachs» 791,982,93,20
das 899,982,41,20
damalige 956,982,112,27
Leben 1085,981,77,21
der 1178,982,39,20
Winter- 1232,982,98,21
thurer 792,1016,79,21
Schüler 890,1015,94,22
und 1000,1016,49,21
erwähnt 1067,1016,103,21
dabei 1187,1016,68,21
auch 1273,1017,59,20
den 792,1051,44,20
etwas 857,1055,70,16
zurückhaltenden 947,1050,214,21
Kameraden 1182,1050,150,21
aus 792,1091,39,14
Frauenfeld. 856,1083,145,22
<EOS>
Helmuth 1027,1084,113,21
Schmid 1167,1083,94,21
war 1284,1092,47,13
mit 791,1118,43,21
gleicher 846,1118,97,27
Liebe 955,1118,69,21
den 1036,1118,45,20
Sprachen, 1095,1117,124,28
der 1232,1118,40,21
Ma- 1283,1118,47,21
thematik 791,1151,116,22
und 928,1151,49,22
den 998,1151,45,22
Naturwissenschaften 1064,1151,267,22
zugetan, 792,1190,105,22
so 918,1193,23,14
daß 963,1185,45,21
die 1029,1185,35,22
Wahl 1085,1185,68,22
des 1173,1185,39,22
Lebens- 1232,1185,98,22
berufes 791,1219,90,21
ihm 898,1219,49,21
nicht 964,1219,65,21
leicht 1046,1219,70,21
fiel. 1133,1219,43,21
<EOS>
Nach 1194,1219,67,21
dem 1278,1219,53,21
Rat 792,1254,47,20
des 861,1253,38,21
bekannten 921,1253,135,21
Gynäkologen 1080,1252,166,28
Prof. 1268,1254,61,20
<EOS>
Bumm 792,1288,85,20
in 886,1288,24,19
Berlin 920,1287,77,21
und 1007,1287,48,21
der 1066,1287,39,21
Oberin 1115,1287,86,21
an 1211,1295,29,13
dessen 1251,1288,80,21
Klinik, 792,1322,88,23
Fräulein 892,1321,106,21
Dabis, 1008,1321,81,25
die 1101,1321,35,21
eine 1147,1322,48,20
Tante 1207,1322,74,21
des 1292,1322,39,21
jungen 789,1356,88,27
Studenten 894,1355,130,21
war, 1039,1363,55,17
entschloß 1110,1355,119,21
er 1245,1363,23,14
sich 1284,1356,47,21
für 791,1389,37,22
das 842,1389,41,22
Medizinstudium. 897,1389,212,22
<EOS>
Den 1124,1389,51,22
Vorsprang, 1189,1389,142,27
den 792,1424,45,20
er 847,1431,22,13
schon 879,1423,71,21
an 960,1431,30,13
der 999,1423,40,21
Volks- 1047,1423,82,21
und 1138,1423,48,21
der 1197,1423,39,21
Mittel- 1245,1423,86,21
schule 792,1456,77,22
gegenüber 891,1457,129,27
seinen 1042,1457,78,20
Altersgenossen 1141,1456,191,28
gehabt 792,1491,86,28
hatte, 892,1491,74,25
behauptete 980,1491,143,27
er 1138,1499,23,13
auch 1175,1492,59,20
an 1249,1499,29,13
der 1293,1492,39,20
Hochschule. 792,1524,154,22
<EOS>
Nach 973,1525,66,20
einem 1061,1526,74,20
Minimum 1157,1525,123,21
an 1302,1532,29,13
Zeit 792,1560,50,20
bestand 853,1559,100,21
er 965,1566,23,14
in 998,1559,25,20
Zürich 1035,1559,83,20
seine 1129,1560,61,20
propädeu- 1201,1559,130,27
tischen 792,1593,89,21
Prüfungen, 897,1593,141,27
obgleich 1055,1593,103,27
er 1174,1600,23,14
auch 1212,1593,60,21
den 1287,1593,44,21
Freuden 792,1626,106,22
des 915,1626,39,22
Studentenlebens 974,1626,209,22
nicht 1199,1626,66,22
fern 1281,1626,51,22
blieb 792,1660,61,21
und 875,1660,49,21
Mitglied 947,1660,105,27
des 1075,1660,39,21
Kösener-Korps 1139,1660,192,28
«Tigurinia» 794,1695,148,26
war. 953,1702,53,13
<EOS>
Es 1018,1694,30,21
folgten 1057,1693,89,28
zwei 1157,1695,54,20
klinische 1221,1694,110,22
Semester 794,1728,114,21
in 929,1729,24,19
Jena 976,1728,59,23
und 1057,1728,48,21
ein 1127,1729,36,20
weiteres 1184,1729,103,21
in 1308,1730,24,19
Berlin. 796,1762,81,21
<EOS>
Beim 897,1763,64,20
Ausbruch 973,1762,123,21
des 1111,1762,39,21
Ersten 1163,1761,85,22
Welt- 1261,1762,70,22
krieges 792,1797,88,26
kehrte 892,1796,81,21
er 986,1803,22,14
nach 1019,1796,61,21
Zürich 1091,1796,83,21
zurück 1186,1797,86,20
und 1283,1797,49,20
bestand 792,1830,99,21
dort 908,1830,52,21
mit 975,1830,44,20
23% 1035,1830,56,28
Jahren 1109,1830,87,23
im 1212,1830,32,21
Früh- 1260,1830,71,21
jähr 791,1864,52,27
1915 860,1864,55,21
erfolgreich 932,1864,134,27
sein 1080,1864,49,21
Staatsexamen. 1146,1864,185,22
<EOS>
Auch 792,1897,67,22
die 875,1897,36,22
Doktorwürde 929,1897,169,22
erlangte 1116,1897,102,28
er 1235,1906,23,13
nun- 1273,1906,59,13
mehr; 792,1931,76,26
seine 881,1932,60,20
Dissertation 955,1931,155,21
befaßte 1122,1931,95,22
sich 1229,1932,48,20
mit 1289,1932,44,20
der 793,1966,39,20
Mikulicz'schen 843,1965,188,21
Krankheit. 1042,1965,139,21
<EOS>
Die 823,1999,42,21
erste 880,2003,58,17
praktische 952,1999,133,27
Tätigkeit 1098,1999,118,27
bot 1229,2000,42,20
sich 1284,2000,49,20
dem 793,2033,53,21
jungen 853,2033,88,27
Doktor 951,2033,90,21
der 1052,2033,39,21
Medizin 1100,2033,100,21
am 1209,2040,38,14
Kran- 1257,2033,75,21
kenhaus 792,2067,105,21
in 909,2067,25,20
Frauenfeld 947,2066,138,22
unter 1099,2072,69,16
der 1181,2067,39,21
Leitung 1233,2067,100,27
von 792,2108,47,14
Dr. 853,2101,39,20
<EOS>
O. 904,2101,26,21
<EOS>
Isler. 942,2101,62,21
<EOS>
Um 1019,2101,46,21
seiner 1078,2101,73,21
zweiten 1163,2101,96,21
Mut- 1272,2101,61,21
ter 792,2140,36,16
und 837,2134,48,21
seiner 895,2135,73,21
Schwester 979,2134,127,22
näher 1115,2134,72,22
zu 1196,2143,28,13
bleiben, 1234,2135,99,25
behielt 792,2168,87,21
er 894,2176,23,13
die 932,2168,37,21
Assistentenstelle 983,2168,212,21
als 1211,2168,32,21
Inter- 1259,2168,73,21
nist 792,2202,47,21
in 851,2202,24,20
Frauenfeld 884,2201,139,22
ein 1035,2202,36,21
Jahr 1082,2201,58,23
länger 1151,2201,79,28
als 1240,2202,32,21
vor- 1281,2210,51,13
gesehen 792,2235,99,28
war. 901,2243,53,13
<EOS>
Dann 967,2235,69,21
aber 1047,2236,55,20
zog 1113,2244,40,19
es 1165,2244,22,12
ihn 1198,2236,40,20
zu 1250,2244,28,12
den 1289,2236,44,21
Vorlesungen 792,2269,159,27
seines 975,2270,73,20
Landsmannes 1074,2269,175,21
Otto 1276,2269,56,21
Nägeli, 792,2303,89,27
der 894,2303,40,21
damals 946,2303,88,21
Dozent 1046,2303,92,21
für 1148,2303,37,21
innere 1196,2304,78,21
Me- 1286,2304,47,20
dizin 793,2337,61,21
in 870,2338,25,19
Tübingen 912,2337,121,27
war. 1050,2344,53,14
<EOS>
Als 1122,2337,40,21
Prof. 1179,2337,61,21
<EOS>
Nägeli 1251,2337,82,27
1918 794,2371,56,21
einen 862,2372,66,20
Ruf 939,2371,50,20
nach 997,2371,60,21
Zürich 1068,2371,83,21
erhielt, 1162,2371,89,25
folgte 1261,2371,72,27
ihm 792,2405,49,20
sein 863,2405,48,20
Schüler 935,2404,94,22
an 1051,2412,29,13
die 1102,2405,37,21
Limmat 1160,2405,103,21
und 1284,2405,49,21
wirkte 793,2438,81,21
dort 897,2438,53,21
als 973,2438,31,21
erster 1027,2443,71,17
Assistenzarzt 1115,2438,170,22
an 1304,2446,30,13
der 794,2472,39,21
Poliklinik. 859,2472,130,21
<EOS>
Während 1016,2472,117,21
des 1159,2472,39,21
General- 1226,2472,107,21
Streiks 793,2506,83,20
wurde 891,2506,78,20
Dr. 985,2506,39,20
<EOS>
Schmid 1037,2505,94,22
als 1147,2506,32,20
Bataillons- 1195,2506,138,21
arzt 794,2544,49,16
mit 859,2540,44,20
dem 919,2540,53,20
Thurgauer 988,2540,135,27
Bataillon 1139,2540,117,21
75 1267,2540,26,21
in 1310,2541,24,19
Zürich 794,2574,83,21
eingesetzt. 896,2574,132,27
<EOS>
Diese 1047,2574,68,21
Episode 1134,2574,100,27
erhielt 1253,2574,81,22
für 792,2607,39,21
den 851,2608,44,20
Jünger 917,2607,88,28
des 1025,2608,39,20
Aeskulap 1085,2608,116,27
eine 1223,2608,49,21
un- 1292,2615,42,13
<EOS>
<EOP>
erwartete 1400,173,120,16
Bedeutung. 1541,168,146,28
<EOS>
Nicht 1708,168,72,21
nur 1799,176,44,13
erwarb 1853,168,87,22
er 1401,210,23,13
sich 1437,202,48,21
durch 1498,202,73,22
seine 1583,202,61,22
hervorragende 1657,202,185,28
Gewis- 1858,202,83,22
senhaftigkeit 1401,236,165,27
und 1581,236,48,21
Aufopferung 1644,236,162,28
die 1822,237,36,21
allge- 1875,237,66,27
meine 1400,270,75,21
Anerkennung, 1497,270,180,27
sondern 1700,270,100,21
er 1823,279,23,12
lernte 1868,271,73,21
auch 1400,304,60,20
bei 1478,304,37,21
der 1534,304,40,21
Pflege 1593,304,76,28
der 1688,305,40,20
Grippekranken 1749,304,192,27
seine 1400,339,61,20
spätere, 1475,340,99,25
vortreffliche 1588,338,158,21
Lebensgefähr- 1760,339,181,27
tin 1400,373,36,20
kennen. 1445,373,98,21
<EOS>
Im 1556,373,37,21
Militärgrippespital 1603,373,240,27
Schan- 1856,373,85,22
zengraben 1400,406,130,27
kam 1553,406,56,22
er 1632,414,24,14
mit 1679,407,44,21
Fräulein 1747,406,108,22
Alice 1878,407,63,21
Krebser 1400,440,101,21
zusammen, 1511,448,143,17
die 1665,440,35,21
bald 1711,440,54,21
darauf 1777,440,84,21
Ober- 1870,441,70,21
schwester 1400,474,122,20
in 1534,474,25,20
der 1571,474,39,21
medizinischen 1623,474,180,21
Abteilung 1814,474,127,28
der 1400,508,40,20
Universitätsklinik 1461,508,232,21
Zürich 1715,508,83,21
bei 1819,509,37,21
Prof. 1879,509,60,21
<EOS>
Eichhorst 1400,542,124,21
wurde. 1533,542,85,21
<EOS>
Doch 1629,542,66,21
erst 1704,547,46,16
auf 1759,542,42,21
Ende 1808,543,66,21
1921 1885,544,54,21
schloß 1400,576,79,21
das 1489,576,41,21
junge 1538,577,72,26
Paar 1620,576,58,21
seinen 1687,577,79,20
Bund 1775,577,69,20
für 1853,577,38,21
das 1900,577,41,21
Leben. 1400,610,85,21
<EOS>
Dr. 1517,610,40,21
<EOS>
Schmid 1570,610,94,21
hatte 1693,610,67,21
zu 1790,618,29,13
Anfang 1847,610,94,28
dieses 1400,643,72,22
Jahres 1494,643,82,23
in 1594,644,24,21
Frauenfeld 1637,643,138,22
eine 1795,644,49,21
eigene 1864,645,77,27
Praxis 1400,677,81,22
für 1499,677,37,22
innere 1554,678,78,21
Medizin 1650,678,100,21
eröffnet, 1769,678,105,26
und 1892,679,49,20
zwar 1400,720,60,12
zuerst 1476,716,75,16
in 1565,712,25,20
der 1605,712,40,20
Felsenburg 1661,712,140,27
bei 1816,712,37,21
seiner 1869,713,72,21
Stiefmutter. 1403,745,154,22
<EOS>
Als 1577,746,39,20
aber 1637,746,53,21
im 1708,747,32,20
Sommer 1761,746,104,21
1921 1886,748,54,20
der 1401,780,39,21
tüchtige 1453,780,105,27
und 1571,780,48,20
beliebte 1632,780,100,21
Dr. 1746,781,40,20
<EOS>
À. 1797,778,27,23
<EOS>
Debrun- 1836,781,105,21
ner 1400,821,40,13
gestorben 1460,814,122,27
war, 1603,821,54,17
übernahm 1677,814,130,21
Helmuth 1827,814,114,21
Schmid 1403,847,93,21
dessen 1507,848,81,20
Haus 1599,848,66,20
zum 1676,855,53,14
«Rosengarten», 1741,848,200,27
das 1401,881,40,21
als 1455,881,31,21
Doktorhaus 1499,881,150,22
schon 1662,881,70,22
lange 1744,881,66,28
einen 1824,882,65,21
gu- 1901,890,40,19
ten 1400,920,40,16
Ruf 1452,915,49,21
hatte. 1510,915,73,21
<EOS>
Was 1431,949,54,20
nun 1496,957,50,12
noch 1556,949,61,21
folgt, 1628,949,66,27
ist 1706,950,31,20
nichts 1748,950,76,20
anderes, 1837,950,104,25
als 1401,983,32,20
unablässige, 1461,983,154,27
gewissenhafte 1644,983,175,27
Berufs- 1848,984,92,21
arbeit 1401,1017,74,21
mit 1498,1018,43,20
wenig 1564,1018,73,26
Pausen. 1660,1018,97,21
<EOS>
Schon 1784,1017,75,22
1922 1884,1019,56,21
wurde 1401,1052,77,21
Dr. 1505,1052,40,20
<EOS>
Schmid 1559,1051,93,21
zum 1679,1059,52,14
Platzarzt 1758,1052,117,21
des 1902,1052,39,21
Waffenplatzes 1401,1085,180,27
Frauenfeld 1596,1085,139,22
ernannt. 1749,1091,106,16
<EOS>
Trotz 1870,1086,70,21
der 1401,1119,39,21
häufigen 1455,1119,108,27
nächtlichen 1577,1119,149,21
Beanspruchung 1742,1119,198,28
machte 1400,1153,93,20
ihm 1506,1153,48,20
das 1569,1153,41,20
Amt 1623,1153,57,21
viel 1692,1153,46,21
Freude; 1752,1153,99,26
er 1866,1162,23,13
be- 1902,1154,38,21
hielt 1400,1187,57,21
es 1474,1195,22,13
dreißig 1513,1187,87,27
Jahre 1619,1187,70,23
lang, 1705,1187,61,28
indem 1782,1188,79,21
er 1878,1195,23,14
es 1918,1195,22,14
zweckmäßig 1401,1220,155,28
ausbaute. 1572,1221,120,21
<EOS>
Im 1709,1221,36,21
Jahr 1762,1221,57,24
1932 1836,1222,55,21
er- 1908,1229,31,14
hielt 1400,1255,57,21
er 1466,1262,23,14
als 1499,1255,32,21
erster 1541,1260,70,16
Arzt 1621,1255,56,21
im 1685,1256,33,20
Thurgau 1726,1256,110,27
von 1844,1263,47,13
der 1901,1256,39,21
Schweizerischen 1403,1288,204,21
Ärztegesellschaft 1638,1285,219,31
eine 1891,1289,48,21
Anerkennung 1400,1322,172,28
für 1588,1322,37,21
besonders 1639,1322,124,22
gute 1779,1328,54,22
Ausbil- 1848,1322,91,22
dung 1401,1356,62,27
in 1475,1356,24,21
innerer 1510,1356,91,22
Medizin, 1613,1356,107,26
da 1734,1356,29,22
er 1776,1365,23,13
6% 1813,1356,41,28
Jahre 1869,1356,71,24
an 1401,1398,30,13
Kliniken 1443,1389,111,22
gearbeitet 1565,1390,127,27
hatte. 1704,1390,74,21
<EOS>
Sie 1793,1390,36,21
bestand 1841,1391,99,20
darin, 1401,1424,73,25
daß 1488,1423,45,21
er 1547,1432,23,13
in 1581,1424,24,20
die 1618,1424,36,21
FMH, 1666,1424,76,25
die 1755,1424,36,21
Foederatio 1803,1424,137,21
medicorum 1400,1458,143,21
Helveticorum, 1561,1458,183,25
aufgenommen 1762,1458,179,28
wurde. 1400,1492,86,21
<EOS>
Seine 1522,1491,66,22
Freunde 1621,1492,105,21
wußten, 1759,1492,102,25
daß 1895,1492,46,21
Schmid 1403,1526,93,21
der 1510,1526,39,21
Musik 1560,1526,77,21
und 1648,1527,48,20
der 1709,1527,39,20
Literatur 1760,1527,118,21
sehr 1890,1527,51,21
zugetan 1401,1565,99,23
war 1512,1567,47,14
und 1571,1560,49,21
interessant 1635,1560,140,21
davon 1788,1560,77,22
spre- 1880,1568,61,20
chen 1402,1593,57,22
konnte. 1469,1593,95,22
<EOS>
Spärlich 1578,1593,104,28
waren 1692,1602,77,13
die 1780,1594,35,21
Ferien 1827,1594,81,21
in 1918,1595,23,20
seinem 1401,1628,86,20
Leben, 1499,1627,84,26
wobei 1595,1628,73,20
er 1679,1636,23,13
gerne 1713,1636,67,19
ins 1791,1629,34,20
Ausland 1836,1628,105,21
ging, 1401,1662,60,27
an 1472,1669,28,12
Orte, 1510,1661,64,26
die 1583,1661,36,21
ihm 1627,1661,49,21
durch 1686,1662,73,20
die 1767,1662,36,21
römischen 1811,1662,130,21
Dichter 1402,1696,95,20
von 1511,1703,46,13
der 1571,1695,40,21
Schule 1627,1695,82,22
her 1722,1696,41,21
vertraut 1775,1701,107,16
wa- 1897,1703,43,13
ren. 1400,1737,48,13
<EOS>
Im 1460,1729,35,21
Jahr 1508,1730,57,23
1936 1576,1730,56,21
unternahm 1643,1730,140,21
er 1794,1737,23,14
mit 1826,1730,43,21
einer 1880,1731,61,20
Gesellschaft 1404,1763,151,21
eine 1572,1764,49,20
Fahrt 1638,1764,72,20
nach 1726,1764,60,20
New 1803,1764,56,21
York 1876,1764,64,21
und 1401,1797,48,21
Chicago. 1459,1797,105,28
<EOS>
Sonst 1576,1797,69,21
aberfüllte 1654,1797,128,21
dieBehand- 1792,1797,148,22
lung 1401,1830,55,28
seiner 1468,1831,72,21
Kranken 1553,1830,111,22
sein 1676,1831,48,21
Leben 1736,1831,78,22
aus. 1825,1839,48,13
<EOS>
Sein 1888,1830,53,23
Wartezimmer 1401,1864,176,22
war 1588,1873,46,13
jahrein 1643,1865,91,26
jahraus 1743,1865,96,27
gefüllt, 1851,1865,88,27
und 1401,1899,48,20
täglich 1460,1898,86,27
sah 1556,1899,41,20
man 1607,1907,54,12
seinen 1672,1899,77,20
Wagen 1760,1899,87,27
zu 1858,1907,28,12
den 1897,1899,44,20
bettlägerigen 1402,1932,167,28
Kranken 1588,1932,111,21
fahren. 1717,1933,88,20
<EOS>
Aus 1825,1933,47,20
ver- 1891,1941,49,13
schiedenen 1402,1966,137,21
Gründen 1557,1966,110,21
war 1682,1974,47,13
er 1746,1974,22,14
ein 1784,1967,36,20
sehr 1836,1967,51,20
be- 1903,1967,38,20
liebter 1401,2000,82,21
Arzt. 1491,2000,63,21
<EOS>
Einmal 1565,2000,93,21
kannte 1666,2000,87,21
er 1763,2008,23,13
seine 1795,2001,60,20
Kunst 1863,2001,78,20
von 1401,2041,48,14
Grund 1461,2034,81,21
aus, 1553,2041,48,17
und 1612,2034,47,21
die 1671,2034,36,21
Patienten 1718,2034,124,21
schätz- 1853,2035,88,20
ten 1402,2073,40,16
die 1461,2068,35,20
Sicherheit 1516,2067,127,22
seiner 1661,2068,72,21
Diagnosen. 1752,2068,139,27
<EOS>
Es 1910,2068,31,21
kam 1401,2101,55,21
sozusagen 1471,2109,125,20
nie 1610,2102,36,21
vor, 1660,2109,49,18
daß 1725,2101,45,22
eine 1785,2102,49,21
Krank- 1849,2102,92,21
heit, 1402,2135,56,25
die 1472,2135,36,21
von 1521,2143,47,13
einem 1582,2136,74,20
andern 1670,2135,88,21
Arzt 1771,2135,57,21
oder 1842,2136,55,20
im 1909,2136,32,20
Spital 1405,2168,74,27
weiter 1492,2169,78,20
behandelt 1584,2169,126,20
wurde, 1724,2168,86,26
dort 1825,2169,53,21
eine 1892,2170,49,20
andere 1403,2203,84,21
Beurteilung 1502,2203,150,27
fand, 1666,2203,65,25
als 1748,2203,31,21
Dr. 1794,2204,40,20
<EOS>
Schmid 1848,2203,94,22
sie 1402,2237,31,20
vorher 1445,2236,83,21
aufgestellt 1541,2236,131,28
hatte. 1684,2237,73,21
<EOS>
Sodann 1773,2236,94,22
emp- 1879,2245,62,19
fanden 1402,2271,86,21
die 1501,2271,37,20
Patienten 1550,2271,124,21
sein 1687,2272,48,20
ruhiges 1747,2272,91,27
Wesen, 1851,2272,90,24
das 1403,2305,40,20
aber 1456,2304,54,21
des 1522,2304,39,21
Humors 1575,2304,101,21
nicht 1688,2305,65,20
entbehrte, 1766,2305,130,25
als 1909,2305,32,20
sehr 1403,2338,51,21
angenehm. 1470,2338,135,27
<EOS>
Wie 1622,2338,50,21
er 1689,2346,23,13
selber 1727,2338,73,22
vorsichtig 1815,2338,126,28
und 1402,2372,48,21
mäßig 1466,2372,77,27
lebte, 1559,2372,69,25
bemühte 1644,2372,111,21
er 1771,2380,23,13
sich, 1810,2372,55,25
auch 1883,2372,58,22
die 1403,2405,35,22
Ratsuchenden 1454,2405,180,22
vor 1648,2414,41,13
Übertreibungen 1703,2401,202,32
in 1918,2406,23,21
Arbeit 1402,2439,81,21
und 1497,2439,48,21
Sport, 1562,2438,76,28
in 1653,2440,23,20
Essen 1692,2439,72,21
und 1777,2440,48,20
Trinken 1841,2440,100,20
zurückzuhalten. 1403,2473,203,21
<EOS>
Oft 1617,2473,41,20
hörte 1666,2473,66,21
man 1742,2481,54,12
aus 1806,2482,40,12
seinem 1856,2474,85,20
Mund 1402,2507,73,20
das 1490,2507,40,20
Wort 1544,2507,66,20
«modice», 1626,2507,128,25
was 1769,2515,45,13
zunächst 1829,2507,112,21
ein 1404,2542,35,19
Rat 1455,2541,47,20
für 1516,2540,37,21
den 1568,2541,44,20
Patienten 1628,2541,124,21
war, 1766,2548,53,17
aber 1836,2541,55,21
für 1904,2541,37,21
seine 1403,2575,61,20
Freunde 1480,2574,104,21
einen 1600,2575,65,21
Grundzug 1684,2574,124,28
seines 1824,2576,72,20
ei- 1912,2576,29,20
genen 1403,2615,73,18
Wesens 1486,2608,93,21
ausdrückte. 1590,2609,147,20
<EOS>
<EOP>
43 1048,2746,34,23
<EOS>
<EOP>
