2116,2962
31. 152,169,42,25
<EOS>
Die 216,168,51,26
Delegierten 281,168,176,34
der 472,168,47,25
Thurgauervereine 533,168,274,34
der 821,168,48,24
Schweiz 886,168,120,25
<EOS>
<EOP>
sind 215,206,62,25
in 297,207,28,24
Frauenfeld 346,206,168,25
eingetroffen, 535,206,191,34
wo 747,215,42,15
sie 810,206,38,25
dem 869,206,63,24
Re- 954,206,52,24
gierungsrat 216,245,173,34
zur 413,254,48,15
Erinnerung 485,244,177,34
an 686,253,35,15
die 745,243,43,25
150Jahrfeier 814,243,193,28
eine 215,283,59,24
Wappenscheibe 290,281,240,35
überreichen. 544,281,190,25
<EOS>
<EOP>
Januar 152,411,110,28
7954 276,411,69,25
11. 153,488,40,23
<EOS>
In 216,487,32,24
Romanshorn 273,486,196,25
stirbt 494,486,83,25
im 599,487,39,24
Alter 661,485,78,26
von 761,495,57,16
73 842,486,32,25
Jahren 901,486,105,27
<EOS>
<EOP>
Max 215,524,66,25
Zeller, 299,524,94,30
der 411,523,48,26
Leiter 477,523,90,26
der 585,523,47,26
bekannten 649,523,163,26
Firma 830,523,93,25
Max 941,523,66,26
Zeller 215,561,86,26
Söhne 318,561,89,26
AG. 422,560,61,27
<EOS>
(siehe 499,561,84,34
Nachruf). 598,561,150,33
<EOS>
11. 152,608,41,24
<EOS>
An 218,607,40,25
einer 289,608,73,24
vom 391,616,65,16
thurgauischen 486,607,219,34
Volkswirtschafts- 735,606,271,26
<EOS>
<EOP>
département 215,645,196,34
einberufenen 428,644,199,26
Versammlung 640,644,216,34
wird 873,644,67,25
das 957,644,49,26
Problem 216,682,128,26
der 360,682,47,26
Seuchenbekämpfung 425,682,320,34
im 759,683,39,24
Thurgau 813,682,131,34
be- 960,682,45,26
handelt. 214,721,126,24
<EOS>
Die 361,721,50,24
Bekämpfung 435,721,195,33
der 650,721,48,24
Rindertuberkulose 719,720,287,25
und 214,758,58,25
der 300,759,47,24
Bang'schen 375,758,175,34
Krankheit 578,758,160,25
sind 765,758,61,25
dringliche 854,758,152,34
Probleme. 219,796,150,24
<EOS>
18. 152,842,41,24
<EOS>
In 216,841,32,24
Buch 262,841,79,25
bei 355,841,44,25
Erlen 413,841,82,25
kamen 509,841,102,25
bei 627,841,42,25
einem 682,842,89,24
Brandunglück 787,841,220,34
<EOS>
<EOP>
zwei 215,880,66,23
Kinder 297,879,107,24
ums 418,888,62,15
Leben. 497,879,102,25
<EOS>
22. 150,925,43,23
<EOS>
Die 215,924,51,25
Rechnung 288,924,155,34
der 464,924,47,25
Thurgauischen 532,924,228,34
Kantonalbank 782,924,224,25
<EOS>
<EOP>
für 213,962,45,24
das 270,962,48,24
Jahr 334,962,69,27
1953 417,962,66,25
schließt 496,962,118,25
mit 626,963,51,23
einem 689,963,90,23
Bruttogewinn 792,962,214,34
von 214,1009,55,15
6 284,999,15,25
719 312,1000,51,24
000 377,1000,51,24
Franken 442,999,129,25
ab. 585,999,44,25
<EOS>
Das 644,1000,57,24
sind 715,999,61,25
440 789,1000,53,24
000 855,1000,51,24
Fran- 921,999,84,25
ken 215,1037,53,25
mehr 296,1037,77,25
als 401,1037,39,26
im 467,1038,38,24
Vorjahre. 533,1037,145,34
<EOS>
Nach 707,1037,80,25
Abzug 814,1036,99,35
aller 941,1037,65,26
Steuern 218,1074,116,26
und 354,1075,57,25
Abschreibungen 432,1074,248,35
verbleibt 699,1074,139,26
ein 859,1076,42,24
Rein- 923,1074,81,26
gewinn 215,1113,107,33
von 337,1123,56,14
2 409,1113,14,24
487 436,1113,53,25
500 502,1113,51,25
Franken. 570,1113,138,25
<EOS>
<EOP>
Feferuar 152,1232,119,25
7954 286,1233,69,25
5. 169,1308,24,26
<EOS>
An 215,1308,43,25
den 272,1308,52,26
diesjährigen 338,1308,185,35
Bäuerinnentagen 537,1309,264,35
spricht 814,1310,105,34
Frau 932,1310,73,24
Berta 216,1346,84,25
Pünter 317,1346,105,25
aus 438,1356,48,16
Stäfa 505,1346,78,26
über 599,1346,68,26
«Fyrabig 685,1347,141,34
und 840,1347,58,25
Sunn- 917,1347,88,25
tigsrueh 214,1383,126,35
im 359,1385,38,23
Purehus», 418,1383,155,32
während 594,1384,132,26
sich 748,1384,56,26
Nationalrat 826,1384,180,26
O. 216,1421,32,25
<EOS>
Heß 262,1421,62,25
aus 337,1431,48,15
Lläuslen-Roggwil 399,1422,266,34
über 676,1422,67,25
das 756,1422,48,25
Thema 816,1422,106,26
«Die 936,1422,69,26
Bäuerin 220,1459,117,25
im 351,1461,38,22
Alltag» 402,1459,114,35
äußert. 531,1460,108,24
<EOS>
10. 153,1505,41,24
<EOS>
Der 216,1504,55,24
Winter 293,1504,107,25
hat 422,1505,50,24
Kälte 494,1505,85,25
und 600,1505,59,24
Frost 682,1505,81,25
gebracht. 785,1505,142,34
<EOS>
Der 951,1505,55,26
<EOS>
<EOP>
Untersee 216,1541,135,26
ist 369,1543,37,24
zu 424,1552,34,14
großen 478,1542,103,34
Teilen 599,1542,94,25
zugefroren. 713,1538,170,38
<EOS>
Er 903,1543,38,25
be- 960,1543,45,25
kommt 215,1579,110,25
Massenbesuch 344,1578,216,27
vom 578,1589,66,15
schlittschuhfahrenden 663,1580,343,26
Publikum. 217,1617,159,25
<EOS>
21. 152,1662,42,25
<EOS>
Die 216,1662,51,25
evangelischen 290,1662,212,34
Stimmbürger 527,1662,205,36
haben 754,1664,93,24
die 870,1664,43,25
Pen- 937,1664,68,25
<EOS>
<EOP>
sionsvorlage 215,1700,187,34
mit 421,1701,51,24
8442 489,1701,68,25
Ja 578,1700,35,28
gegen 632,1710,84,25
4744 732,1702,71,24
Nein 821,1701,72,25
gutge- 911,1708,94,28
heißen. 215,1737,109,25
<EOS>
21. 152,1782,42,25
<EOS>
In 216,1782,32,25
Romanshorn 265,1782,196,26
stirbt 476,1783,83,25
im 573,1785,38,23
Alter 626,1783,78,25
von 717,1793,56,15
69 788,1784,33,25
Jahren 838,1784,106,28
Se- 961,1784,44,26
<EOS>
<EOP>
kundarlehrer 217,1819,199,26
Jakob 437,1820,93,28
Rickenbach. 552,1821,190,26
<EOS>
Namentlich 763,1822,180,25
für 962,1823,44,24
die 216,1858,42,24
Kirche 273,1858,102,24
leistete 388,1858,108,25
er 510,1868,28,15
viele 550,1858,71,26
wertvolle 634,1859,142,25
Arbeit. 789,1859,108,26
<EOS>
22. 151,1902,43,25
<EOS>
Der 215,1902,56,25
Große 288,1902,90,26
Rat 394,1902,56,26
bewilligt 464,1903,132,34
einen 610,1905,79,24
Kredit 704,1904,102,26
von 820,1914,55,16
145 892,1905,49,25
000 955,1906,51,24
<EOS>
<EOP>
Franken 216,1940,129,25
als 364,1941,38,24
Einlage 422,1941,116,34
in 555,1942,29,24
den 604,1941,52,25
Tierseuchenfonds 675,1941,268,27
für 962,1942,44,26
die 215,1977,43,25
Bekämpfung 277,1978,198,34
der 493,1978,47,25
Rindertuberkulose. 559,1979,296,26
<EOS>
Der 875,1980,55,25
Rat 950,1980,56,26
tritt 214,2016,65,24
auf 299,2015,51,25
die 366,2015,42,25
Beratung 429,2016,144,35
über 592,2017,68,24
die 680,2017,43,25
Vogeljagdverein- 743,2017,262,34
barung 214,2052,109,35
vom 337,2062,66,16
2. 418,2054,25,24
<EOS>
Juni 459,2053,68,28
1953 544,2054,66,25
ein. 627,2055,53,24
<EOS>
Ein 696,2054,53,25
Interpellant 765,2055,186,35
er- 966,2065,39,15
hält 215,2090,60,25
Auskunft 297,2090,142,26
über 457,2091,69,25
die 546,2091,42,26
Hochrheinschiffahrt. 610,2086,321,32
<EOS>
Ein 953,2093,53,25
weiterer 214,2129,125,24
Interpellant 358,2129,186,34
befaßt 563,2129,98,25
sich 680,2130,58,25
mit 758,2131,51,24
den 829,2130,53,26
Spital- 904,2130,100,35
taxen. 214,2172,96,18
<EOS>
23. 152,2211,42,24
<EOS>
Anstelle 215,2210,123,26
des 356,2211,46,25
zurücktretenden 420,2211,253,26
Dr. 691,2212,48,25
<EOS>
E. 753,2212,33,26
<EOS>
Herdi 799,2213,88,25
ist 903,2214,36,25
Dr. 957,2213,47,26
<EOS>
<EOP>
Karl 217,2248,67,24
Fehr 304,2248,71,25
zum 394,2258,62,15
neuen 475,2259,91,15
Rektor 586,2250,106,25
der 711,2250,48,25
Kantonsschule 778,2250,227,27
gewählt 216,2286,118,33
worden. 349,2287,120,24
<EOS>
25. 152,2331,42,24
<EOS>
Die 216,2331,51,24
Munizipalgemeinde 284,2331,297,35
Ermatingen 599,2332,183,35
lehnt 798,2333,78,26
ein 893,2335,43,24
Be- 955,2334,49,26
<EOS>
<EOP>
gehren 216,2368,101,34
auf 337,2369,50,25
Wiedereinführung 403,2369,279,36
der 702,2371,47,24
Patentjagd 770,2371,170,34
ab. 960,2372,44,25
<EOS>
<EOP>
März 154,2492,79,24
7954 247,2492,70,25
4. 170,2567,25,25
<EOS>
Im 218,2567,43,25
68. 278,2567,42,25
<EOS>
Altersjahr 333,2567,156,35
stirbt 505,2569,84,24
Dr. 606,2569,48,25
<EOS>
Alfred 667,2569,97,26
Kramer, 781,2570,128,30
Vize- 927,2570,77,26
Präsident 217,2604,143,34
des 375,2605,46,26
Obergerichtes 436,2605,210,35
(siehe 662,2606,84,35
Nachruf). 760,2608,149,34
<EOS>
<EOP>
6. 1074,169,23,24
<EOS>
In 1120,168,32,24
Amriswil 1168,167,139,25
wird 1322,168,68,24
der 1407,168,48,25
70. 1472,168,42,25
<EOS>
Geburtstag 1531,167,172,35
des 1719,168,46,25
Dichters 1783,168,129,25
Emanuel 1119,205,139,25
Stickelberger 1284,205,202,35
gefeiert. 1510,206,123,34
<EOS>
Im 1659,206,43,24
Mittelpunkt 1726,206,187,34
der 1119,243,48,25
Feier 1185,243,78,25
steht 1280,243,76,25
eine 1374,244,59,24
Ansprache 1451,242,163,36
von 1632,253,56,15
Rudolf 1707,243,109,25
Alex- 1830,243,82,25
ander 1119,281,87,25
Schröder. 1223,280,146,26
<EOS>
16. 1057,326,40,25
<EOS>
Im 1119,326,44,25
Kreise 1191,326,98,25
des 1317,326,47,25
Verkehrs 1392,326,138,25
Vereins 1532,327,109,24
«Untersee 1671,326,154,26
und 1853,327,59,24
<EOS>
<EOP>
Rhein», 1120,364,121,31
der 1261,364,48,25
in 1329,365,28,24
Berlingen 1379,364,148,34
tagt, 1548,370,73,29
spricht 1640,364,107,35
Redaktor 1767,364,146,25
Dr. 1120,402,48,25
<EOS>
Rüedi 1183,401,91,26
aus 1293,411,49,16
Kreuzlingen 1363,402,188,34
über 1571,402,68,26
«Uferschutz 1660,402,187,26
am 1867,411,45,16
Untersee». 1119,439,165,26
<EOS>
Regierungsrat 1306,439,217,35
Dr. 1544,439,49,26
<EOS>
A. 1606,439,34,26
<EOS>
Roth 1654,439,77,26
nimmt 1750,441,103,24
als 1873,439,39,26
Gast 1122,478,68,24
an 1205,488,34,14
den 1254,478,53,24
Verhandlungen 1321,478,238,33
teil. 1571,478,58,25
<EOS>
18. 1056,523,40,25
<EOS>
Die 1118,522,52,26
Ortsgemeinderechnung 1184,522,358,35
1953 1555,523,67,26
der 1637,523,48,25
Gemeinde 1699,522,152,26
Ar- 1866,522,46,26
<EOS>
<EOP>
bon 1118,560,56,25
schließt 1190,560,117,25
mit 1326,561,51,24
einem 1394,561,89,25
Einnahmenüberschuß 1500,560,340,26
von 1856,571,56,15
103 1120,599,49,24
000 1184,599,50,24
Franken 1255,599,130,24
ab. 1405,599,44,25
<EOS>
Das 1471,599,56,24
Resultat 1549,599,132,25
übertrifft 1699,599,143,24
das 1863,599,49,24
Budget 1123,636,107,34
um 1246,645,47,15
100 1310,637,50,24
000 1373,637,51,24
Franken. 1440,636,139,25
<EOS>
20. 1054,682,42,24
<EOS>
Im 1119,681,43,25
Räume 1178,682,108,24
Kreuzlingen-Konstanz 1302,681,351,35
sind 1667,682,62,24
im 1743,682,38,24
vergan- 1796,691,116,24
<EOS>
<EOP>
genen 1118,729,88,24
Jahr 1222,719,70,28
rund 1305,719,72,25
10 1393,721,31,23
Millionen 1438,719,142,25
Grenzübertritte 1597,719,242,25
ver- 1852,729,60,15
zeichnet 1119,757,126,25
worden. 1262,757,121,25
<EOS>
21. 1054,803,42,23
<EOS>
In 1118,802,34,24
Uttwil 1178,802,100,25
spricht 1302,802,106,35
Oberstdivisionär 1433,802,258,25
J. 1718,803,26,27
<EOS>
Annasohn 1757,802,155,25
<EOS>
<EOP>
über 1118,840,68,25
Landesverteidigung, 1216,840,316,34
Truppenordnung 1561,840,264,34
und 1856,840,56,24
Rüstung. 1119,877,141,35
<EOS>
26. 1053,923,43,24
<EOS>
In 1119,923,32,24
Kreuzlingen 1178,923,187,34
stirbt 1390,924,84,24
im 1499,924,38,23
Alter 1565,923,75,24
von 1664,932,56,16
73 1747,924,31,24
Jahren 1807,923,106,27
<EOS>
<EOP>
Liegenschaftenvermittler 1119,960,391,35
Ernst 1522,961,87,25
Rieben. 1622,961,115,25
<EOS>
Er 1752,961,37,25
war 1798,970,57,16
der 1865,961,48,25
Gründer 1121,998,128,26
des 1260,998,46,26
«Thürgauer 1321,998,181,35
Jahrbuches» 1515,998,197,28
(siehe 1724,998,84,35
Nach- 1820,998,92,26
ruf). 1118,1036,68,34
<EOS>
27. 1053,1082,43,25
<EOS>
Die 1118,1081,51,26
Revision 1186,1081,133,26
der 1334,1081,48,26
Brandassekuranzkataster 1397,1081,396,26
hat 1809,1081,49,26
er- 1873,1091,39,16
<EOS>
<EOP>
geben, 1118,1119,97,34
daß 1229,1118,55,26
Ende 1298,1118,79,27
des 1391,1119,47,26
vergangenen 1450,1129,195,24
Jahres 1661,1118,98,28
im 1773,1120,38,24
Thür- 1825,1119,86,25
gau 1118,1167,54,24
ein 1195,1157,44,25
Zuwachs 1262,1157,133,25
von 1419,1167,57,15
90 1499,1157,33,26
Millionen 1556,1157,142,25
Franken 1723,1157,130,25
an 1877,1167,35,14
Gebäudekapital 1121,1194,244,35
zu 1383,1205,33,14
verzeichnen 1433,1195,183,25
war. 1634,1205,65,14
<EOS>
28. 1053,1240,43,25
<EOS>
In 1118,1240,33,24
Frauenfeld 1164,1240,168,25
stirbt 1344,1240,84,25
der 1440,1240,48,25
im 1499,1241,39,23
Jahre 1552,1240,85,27
1891 1651,1240,67,26
in 1731,1240,28,25
Bischofs- 1772,1240,139,25
<EOS>
<EOP>
zell 1118,1277,50,25
geborene 1195,1278,135,33
Arzt 1358,1277,68,25
Dr. 1454,1278,48,24
<EOS>
LIelmuth 1516,1278,138,24
Schmid 1684,1277,113,26
(siehe 1826,1277,85,34
Nachruf). 1118,1315,150,34
<EOS>
30. 1054,1361,42,24
<EOS>
Heute 1118,1360,94,25
jährt 1228,1361,78,33
sich 1322,1360,58,25
der 1398,1361,47,24
Geburtstag 1466,1360,171,34
des 1655,1361,47,24
großen 1720,1360,105,34
Bür- 1842,1360,69,24
<EOS>
<EOP>
gers 1118,1407,59,25
von 1190,1407,55,15
Fruthwilen, 1259,1398,181,30
Minister 1454,1398,126,25
Alfred 1592,1398,95,25
Ilg, 1702,1398,50,34
zum 1765,1407,64,15
hun- 1841,1398,69,24
dertsten 1118,1436,126,25
Male. 1260,1436,81,25
<EOS>
<EOP>
April 1055,1548,82,34
7954 1149,1549,69,25
9. 1073,1625,23,25
<EOS>
Der 1118,1624,56,25
Große 1192,1623,91,26
Rat 1300,1624,57,25
wählt 1372,1624,86,25
Fürsprech 1475,1624,155,35
Robert 1648,1624,106,25
Müller 1770,1624,98,25
in 1883,1625,28,24
<EOS>
<EOP>
Romanshorn 1119,1662,197,25
zum 1332,1671,64,16
neuen 1411,1671,90,16
Oberrichter. 1518,1661,186,26
<EOS>
Der 1721,1661,56,26
Rat 1793,1662,57,25
be- 1865,1662,45,25
schließt 1118,1699,118,26
Eintreten 1259,1699,148,26
auf 1430,1699,52,26
die 1501,1699,42,26
Revision 1568,1699,133,26
des 1725,1699,46,26
Armen- 1795,1699,115,26
rechts. 1117,1737,102,25
<EOS>
Ein 1233,1737,53,25
Interpellant 1300,1737,186,34
befaßt 1498,1737,98,25
sich 1609,1737,58,25
mit 1680,1738,51,24
der 1744,1737,48,25
Gefahr 1808,1737,103,25
der 1118,1775,48,25
Uberbauung 1183,1772,193,36
des 1392,1775,47,25
Eichhölzli 1457,1775,153,25
bei 1627,1775,45,25
Steckborn. 1691,1775,165,25
<EOS>
10. 1056,1820,40,25
<EOS>
Die 1118,1819,51,26
Thurgauer 1187,1819,163,35
Lehrer 1368,1819,101,26
führen 1486,1819,100,26
im 1603,1820,39,24
Seminar 1661,1819,126,26
Kreuz- 1806,1819,104,26
<EOS>
<EOP>
lingen 1118,1858,92,33
eine 1235,1858,60,25
Sing- 1322,1858,77,33
und 1424,1858,59,24
Spielwoche 1510,1857,171,34
durch. 1706,1858,97,24
<EOS>
Diese 1830,1858,81,25
Woche 1118,1895,104,25
wird 1233,1895,67,25
durch 1312,1895,88,25
das 1411,1896,49,24
Erziehungsdepartement 1468,1895,372,35
ver- 1851,1905,59,15
anstaltet. 1119,1933,145,25
<EOS>
11. 1056,1979,40,23
<EOS>
In 1119,1978,32,24
Frauenfeld 1170,1978,167,25
stirbt 1355,1978,83,25
im 1455,1979,39,23
Alter 1514,1978,75,25
von 1606,1988,56,14
60 1681,1978,33,25
Jahren 1734,1978,105,27
Re- 1858,1978,51,25
<EOS>
<EOP>
gierungsrat 1118,2017,174,33
Dr. 1309,2015,48,25
<EOS>
August 1370,2015,111,35
Roth 1499,2015,76,25
(siehe 1593,2015,83,35
Nachruf). 1693,2015,151,34
<EOS>
15. 1056,2061,40,24
<EOS>
Thurgauer 1118,2060,162,35
Truppen 1303,2061,132,34
werden 1457,2061,110,24
zur 1590,2071,48,14
Bewachung 1662,2061,179,34
der 1864,2060,47,25
<EOS>
<EOP>
Genfer 1121,2097,102,26
Asien-Konferenz 1237,2097,258,26
aufgeboten. 1511,2098,180,35
<EOS>
19. 1056,2144,40,24
<EOS>
Das 1118,2143,57,24
traditionelle 1191,2143,188,25
Osterspringen 1397,2143,213,35
in 1626,2144,28,24
Amriswil 1670,2143,140,25
leidet 1825,2143,85,25
<EOS>
<EOP>
unter 1118,2187,83,19
der 1216,2180,48,26
Unbill 1280,2180,96,26
der 1391,2181,48,25
Witterung. 1455,2181,169,34
<EOS>
19. 1055,2226,41,25
<EOS>
In 1118,2226,33,24
Amriswil 1162,2225,138,25
stirbt 1311,2226,83,24
im 1405,2227,39,23
Alter 1456,2226,76,25
von 1542,2235,57,15
89 1610,2227,33,24
Jahren 1657,2226,106,28
Dr. 1775,2226,47,24
<EOS>
med. 1836,2226,73,24
<EOS>
<EOP>
Robert 1119,2263,106,26
Wildbolz 1240,2263,137,26
(siehe 1392,2263,84,34
Nachruf). 1491,2263,150,34
<EOS>
29. 1053,2309,43,25
<EOS>
Der 1118,2309,55,24
Große 1198,2308,90,25
Rat 1311,2308,56,25
stimmt 1389,2310,109,23
den 1521,2309,53,24
Kreditvorlagen 1597,2308,235,35
von 1853,2318,57,15
<EOS>
<EOP>
rund 1117,2346,73,25
1,55 1209,2346,58,30
Millionen 1287,2344,142,27
Franken 1448,2346,128,26
für 1594,2346,44,25
den 1656,2346,53,26
Aushau 1727,2345,117,26
der 1863,2346,47,25
thurgauisch-schaffhausischen 1117,2383,454,35
Heilstätte 1593,2383,152,26
in 1765,2385,28,23
Davos 1814,2383,96,26
zu. 1118,2432,42,14
<EOS>
Ein 1183,2421,54,25
Interpellant 1259,2421,186,34
befaßt 1466,2421,99,25
sich 1587,2421,57,25
mit 1666,2422,52,24
einem 1740,2422,90,24
Zei- 1852,2421,56,25
tungsartikel 1116,2458,189,35
des 1316,2459,46,24
Vorstehers 1372,2458,165,26
des 1549,2459,47,24
Erziehungsdeparte- 1607,2459,301,34
mentes 1118,2503,107,18
und 1242,2496,58,25
dem 1318,2496,64,25
darin 1400,2496,79,25
angekündigten 1498,2496,227,35
Abbau 1742,2496,103,25
der 1863,2496,47,25
Staatsbeiträge 1120,2534,221,34
an 1366,2543,34,16
die 1423,2533,43,26
Schulgemeinden. 1492,2533,260,35
<EOS>
Ein 1775,2534,54,25
Mo- 1852,2532,56,27
tionär 1119,2572,91,25
setzt 1221,2577,71,20
sich 1303,2571,58,26
für 1371,2571,45,26
die 1427,2571,42,25
allgemeine 1477,2571,162,34
Einführung 1648,2571,177,34
eines 1836,2572,73,24
Familien- 1119,2609,146,25
und 1285,2609,59,24
Sozialsystems 1367,2609,210,33
mit 1598,2609,51,24
Hilfe 1670,2609,74,25
einer 1764,2610,74,24
Fa- 1859,2609,49,24
<EOS>
<EOP>
52 1013,2747,33,25
<EOS>
<EOP>
