2116,2962
erste 191,171,58,17
Phase 258,167,75,21
seiner 341,167,73,20
Tätigkeit 419,166,119,27
abgeschlossen. 546,165,182,28
<EOS>
Er 190,201,32,21
zog 238,208,41,20
nach 295,200,61,21
Frauenfeld, 372,199,146,26
wo 534,207,35,14
er 587,207,23,14
das 627,200,39,21
An- 682,200,47,21
waltsbüro 189,234,125,21
des 329,234,39,21
durch 383,234,73,21
allzufrühen 469,233,144,22
Tod 626,234,50,21
ab- 690,234,39,21
berufenen 189,268,127,22
Dr. 325,268,40,21
<EOS>
Sandmeyer 378,267,143,28
übernahm. 529,268,137,21
<EOS>
Die- 676,268,53,21
ser 190,310,34,13
neuen 234,310,75,13
Tätigkeit 318,301,118,28
als 447,301,31,22
Rechtsanwalt 489,301,176,22
wid- 675,301,54,22
mete 190,341,61,17
er 268,344,22,14
sich 306,336,49,21
während 370,336,110,21
vollen 495,335,77,22
24 589,336,27,20
Jahren, 634,336,95,26
also 191,371,46,21
bis 256,370,34,21
1943. 311,371,63,21
<EOS>
Seine 395,369,66,22
Praxis 480,370,80,21
war 579,378,47,13
sowohl 644,370,86,21
forensischer 189,404,151,22
Natur, 352,404,85,25
wie 449,404,41,21
auch 504,404,59,21
konsultativ. 575,404,153,21
<EOS>
Im 191,439,35,20
Gefüge 243,438,86,28
der 345,438,39,21
Rechtspflege 399,438,161,28
soll 574,438,42,21
der 630,438,40,21
An- 683,438,46,21
wait 189,472,56,21
der 257,472,39,21
Gehilfe 312,471,88,22
des 413,472,39,21
Richters 467,472,105,21
sein. 586,472,55,21
<EOS>
Wenn 654,472,76,21
je, 188,506,31,27
so 235,514,24,13
darf 276,505,53,22
von 341,513,48,14
ihm 403,505,49,21
mit 467,505,44,21
voller 526,505,72,22
Überzeu- 614,502,115,25
gung 190,548,61,19
gesagt 269,544,80,23
werden, 367,539,99,25
daß 485,538,46,22
er 550,547,23,13
sich 592,539,49,21
selbst 659,539,71,21
wirklich 190,573,102,21
als 304,573,32,21
wahren 347,573,94,21
Gehilfen 454,573,106,21
des 571,573,39,21
Richters 622,573,106,21
betrachtet 189,608,133,21
hat. 337,607,49,21
<EOS>
Er 404,607,31,21
war, 450,615,55,17
was 522,615,45,13
ein 584,607,37,21
Anwalt 636,607,93,21
sein 191,643,48,20
sollte, 251,642,73,25
seinen 337,642,78,21
Klienten 428,642,110,21
gegenüber 550,642,130,27
zu- 692,649,37,14
nächst 189,676,84,21
wie 287,676,42,21
ein 344,676,36,21
Richter, 395,676,103,25
bevor 512,676,72,21
er 599,683,22,14
als 637,676,32,21
An- 683,676,46,21
wait 191,710,54,21
für 254,710,37,21
sie 301,710,32,21
eintrat. 344,710,92,21
<EOS>
Immer 448,710,86,21
suchte 544,710,81,21
er 636,717,24,14
sorg- 669,717,61,20
fältig 189,743,67,27
das 271,743,41,22
Gute 326,743,60,22
vom 400,751,56,14
Schlechten 470,743,137,22
zu 620,751,29,13
schei- 660,743,70,22
den. 191,777,50,21
<EOS>
Immer 253,777,86,21
bemühte 348,777,112,21
er 470,785,23,13
sich, 502,777,56,25
zu 568,785,28,13
erkennen, 606,777,124,26
was 190,819,45,13
getan 254,815,69,24
werden 340,811,93,21
kann 450,811,63,21
und 530,811,48,21
was 596,819,47,13
getan 660,816,71,22
werden 190,845,91,21
muß, 298,845,64,25
ebenso 381,845,83,21
aber 482,845,54,21
auch, 554,845,67,25
was 638,853,46,13
zu 703,853,27,13
verhindern 190,879,140,21
ist. 344,880,38,20
<EOS>
Er 399,879,31,21
hatte 445,879,67,21
Distanz 528,879,98,21
zu 642,886,28,14
den 686,879,45,21
Dingen 191,913,89,28
und 301,913,49,21
zu 370,920,28,14
den 419,913,45,21
Menschen 483,913,126,21
und 627,913,49,21
er- 698,920,32,15
kannte 190,947,88,21
wie 289,947,41,21
selten 341,947,73,21
jemand 423,947,96,28
die 530,947,36,21
hohe 577,947,60,21
soziale 648,947,82,22
Bedeutung 191,980,138,28
der 346,980,40,22
Rechtsvertretung. 403,980,232,28
<EOS>
Es 653,980,30,22
ist 699,981,32,21
sehr 191,1015,50,21
wahrscheinlich, 254,1014,196,26
daß 462,1014,46,21
mancher 522,1014,109,21
Recht- 644,1015,85,20
suchende 191,1049,115,21
sich 319,1049,48,21
seinen 380,1049,78,21
Anwalt 470,1049,93,21
bestimmter, 576,1049,154,25
temperamentvoller, 191,1083,251,28
draufgängerischer 455,1082,228,29
ge- 694,1091,36,20
wünscht 191,1117,106,21
und 308,1117,48,21
ein 369,1118,37,20
vorbehaltloses 417,1117,182,21
Eingehen 611,1117,120,28
auf 191,1151,42,20
seine 247,1151,60,21
Wünsche 323,1151,116,21
lieber 456,1150,70,22
gesehen 542,1151,98,28
hätte. 655,1151,74,21
<EOS>
Wie 191,1184,49,22
es 259,1192,23,14
aber 301,1184,55,22
bei 373,1184,38,22
den 430,1184,44,22
Theologen 493,1184,131,28
keines- 642,1184,88,22
wegs 191,1226,59,20
die 264,1218,36,22
lautesten 312,1218,116,22
Rufer 442,1218,72,22
im 527,1219,32,20
Streite 574,1218,84,22
sind, 671,1218,59,26
welche 191,1252,84,21
die 294,1252,35,21
Schlüssel 350,1251,114,22
des 483,1252,38,21
Himmelreiches 540,1252,190,21
am 191,1294,38,12
erfolgreichsten 244,1286,187,28
zu 445,1294,27,12
handhaben 486,1286,141,21
wissen, 641,1287,89,24
so 191,1328,24,13
sind 225,1320,51,21
es 286,1328,23,13
auch 319,1320,59,21
bei 387,1320,38,21
den 434,1320,45,21
Anwälten 488,1320,123,21
nicht 619,1320,66,21
die 695,1321,36,21
rücksichtslos 191,1354,163,21
Kämpferischen, 370,1354,201,28
welche 586,1354,85,22
den 686,1355,45,21
wahren 191,1388,93,22
Interessen 298,1388,130,21
ihrer 441,1388,61,21
Klienten 516,1388,111,21
am 641,1395,38,14
be- 692,1389,38,21
sten 191,1427,52,17
zu 256,1430,28,13
dienen 297,1422,83,22
verstehen. 392,1422,130,22
<EOS>
Und 537,1422,54,22
so 605,1430,23,14
ist 641,1423,30,21
von 684,1431,48,13
Dr. 191,1455,40,22
<EOS>
Alfred 242,1455,80,22
Kramer 339,1455,100,22
zu 455,1464,28,13
sagen, 500,1463,77,20
daß 594,1455,46,22
er 658,1464,24,13
als 699,1456,31,21
Anwalt 191,1490,93,21
im 296,1490,33,20
Kreise 342,1490,80,21
der 436,1490,40,21
Richter, 489,1490,103,26
auf 606,1490,42,21
die 659,1490,36,21
es 709,1499,22,13
hier 191,1524,49,21
doch 251,1524,59,21
wohl 321,1524,60,21
vor 391,1532,42,13
allem 445,1524,67,21
ankommt, 523,1524,131,25
einen 665,1525,67,20
ausgezeichneten 193,1558,202,27
Namen 419,1558,92,21
hatte. 533,1558,73,21
<EOS>
Was 630,1558,55,21
er 709,1566,23,14
sagte, 192,1596,72,23
war 277,1599,46,14
angemessen 336,1599,149,21
und 495,1592,49,21
wohlüberlegt. 556,1592,173,28
<EOS>
Was 192,1626,54,21
er 257,1633,22,14
tat, 289,1630,45,21
war 344,1633,47,14
wirklich 400,1626,103,21
ernst 513,1631,63,16
zu 585,1634,29,13
nehmen. 622,1626,108,21
<EOS>
Seine 194,1659,65,22
Worte 272,1659,79,22
durfte 364,1659,78,22
man 455,1667,55,14
stets 522,1665,57,16
ohne 594,1659,58,22
lange 665,1659,67,28
Abstriche 191,1693,122,22
und 323,1693,49,22
Rabatte 384,1693,104,22
in 498,1694,24,21
die 533,1693,36,22
Waagschale 580,1693,151,28
der 192,1727,39,21
Entscheidung 244,1727,175,28
legen. 431,1727,72,28
<EOS>
Als 221,1761,40,21
im 275,1761,32,20
Jahre 323,1761,72,23
1943 411,1762,55,21
Dr. 482,1761,40,21
<EOS>
Fritz 533,1761,62,21
Häberlin, 611,1761,120,25
der 191,1795,40,20
damalige 241,1794,114,28
Präsident 366,1795,121,21
des 498,1795,39,20
Obergerichtes, 548,1794,182,28
zum 192,1836,53,13
Rundesrichter 257,1829,180,21
gewählt 450,1829,99,27
wurde, 560,1829,87,25
lag 659,1829,37,28
es 709,1837,22,13
daher 192,1863,70,21
auf 277,1863,41,21
der 329,1863,40,21
Hand, 383,1863,78,25
den 475,1863,45,21
Versuch 532,1863,104,21
zu 649,1871,28,13
un- 689,1871,42,13
ternehmen, 191,1897,144,24
das 342,1897,40,21
obergerichtliche 389,1897,204,27
Kollegium 599,1897,133,27
durch 192,1930,72,22
Dr. 279,1930,39,21
<EOS>
Alfred 329,1930,79,22
Kramer 423,1930,99,22
zu 536,1938,29,14
vervoflstän- 577,1930,154,22
digen 191,1963,69,28
und 269,1963,49,22
ihm 329,1963,49,22
das 389,1964,40,21
Yizepräsidium 440,1964,185,27
des 636,1964,39,21
Ge- 688,1964,43,21
richtes 191,1997,84,21
anzuvertrauen. 291,2002,192,16
<EOS>
Nach 500,1998,67,20
einigen 583,1998,89,27
Be- 687,1998,44,21
denken 191,2031,92,21
stimmte 301,2032,103,20
Dr. 422,2032,40,20
<EOS>
Kramer 474,2032,99,21
zu. 591,2040,35,12
<EOS>
Er 645,2032,32,20
tat 694,2036,38,16
dies 192,2065,47,21
nicht 251,2065,66,21
zuletzt, 330,2065,93,25
um 436,2073,41,13
dem 490,2065,53,21
Wunsch 554,2065,104,21
zahl- 671,2066,60,20
reicher 191,2099,86,21
Kollegen 292,2099,113,27
aus 419,2107,41,13
dem 475,2099,53,21
Anwaltsstande 542,2099,190,22
nachzukommen, 191,2133,208,25
einem 413,2134,76,20
Wunsche, 501,2133,125,25
der 639,2133,40,21
da- 693,2134,38,20
hin 191,2167,40,20
ging, 245,2167,60,27
daß 319,2167,45,21
dem 378,2167,53,21
Gericht 446,2167,94,21
wieder 553,2167,83,22
ein 649,2167,37,21
er- 699,2175,32,13
fahrener 191,2200,106,22
Praktiker 306,2200,122,22
angehören 438,2200,130,28
sollte. 577,2200,73,22
<EOS>
Wenn 657,2200,75,22
man 191,2242,56,13
von 256,2242,47,14
einer 314,2235,61,21
Wahl 385,2234,69,22
sagen 463,2242,70,19
kann, 543,2234,71,26
sie 625,2235,31,21
sei 667,2235,32,21
in 708,2235,24,21
fachlicher 191,2267,125,22
und 350,2268,48,21
persönlicher 433,2268,155,27
Hinsicht 622,2268,110,21
glücklich 192,2301,114,28
gewesen, 319,2310,111,19
so 445,2310,23,13
gilt 483,2302,41,27
dies 538,2302,47,21
von 599,2310,47,13
dieser 660,2302,72,21
Entscheidung. 193,2336,181,28
<EOS>
Dr. 405,2337,40,20
<EOS>
Kramer 456,2337,99,20
brachte 583,2336,97,22
in 708,2337,24,20
sein 192,2370,48,21
neues 251,2377,70,14
Amt 334,2370,56,21
reiche 401,2370,76,21
Erfahrung. 489,2370,139,28
<EOS>
Er 642,2371,31,20
war 685,2378,47,13
eine 193,2404,49,21
gefestigte 264,2404,120,28
Persönlichkeit, 406,2404,190,25
in 618,2405,25,20
allem 665,2404,67,21
von 192,2445,47,13
vollendeter 255,2438,144,21
Sachlichkeit. 417,2438,162,21
<EOS>
Er 598,2438,31,21
wußte, 645,2438,87,25
wie 192,2471,42,21
schwierig 251,2471,117,28
es 386,2479,23,14
häufig 426,2471,78,28
ist, 521,2472,39,25
das 577,2471,41,22
richtige 635,2471,97,28
Recht 193,2504,75,22
zu 284,2513,28,13
finden 327,2504,79,22
und 420,2504,49,22
wie 484,2505,42,21
der 542,2505,40,21
Richter 598,2505,95,21
in 708,2506,24,20
einem 193,2539,75,20
täglichen 276,2538,117,27
Ringen 403,2538,91,28
um 502,2547,42,12
Wahrheit 553,2539,121,21
und 683,2538,49,21
Gerechtigkeit 196,2571,170,28
lebt. 374,2572,55,21
<EOS>
Seine 442,2572,65,21
Sicherheit 518,2572,127,21
wurde 653,2573,79,20
nie 193,2606,36,20
zu 240,2614,28,12
allzu 279,2606,58,20
ausgeprägter 348,2609,163,24
Selbstsicherheit, 523,2606,208,25
<EOS>
<EOP>
die 799,164,36,21
einem 851,165,74,20
Richter 941,164,95,21
nur 1050,172,44,13
gefährlich 1108,163,127,29
werden 1249,164,92,22
kann. 798,199,71,20
<EOS>
Ihm 885,199,52,20
war 951,207,46,12
klar, 1010,198,58,26
wie 1082,199,42,21
bedeutungsvoll, 1137,198,203,28
aber 799,233,55,21
auch 870,233,60,21
wie 945,233,41,21
schwierig 1002,232,117,28
die 1135,233,37,21
richtige 1186,233,98,27
Er- 1300,233,40,21
kenntnis 798,267,110,21
des 923,267,40,21
Tatbestandes 977,267,171,21
ist 1162,267,31,21
und 1207,267,48,21
er 1271,274,23,14
er- 1308,274,32,14
kannte, 798,301,97,24
daß 908,301,45,21
in 964,301,25,20
der 1001,301,40,21
Rechtsanwendung 1053,301,236,28
der 1301,301,40,21
sichere 798,334,87,22
Boden 896,334,81,22
des 989,334,38,22
Richteramtes 1040,334,172,22
allein 1223,334,67,22
der 1301,334,40,22
Respekt 800,368,103,28
vor 912,377,41,12
dem 964,369,52,20
Gesetz 1027,368,82,21
ist, 1118,369,38,25
dessen 1166,368,81,22
Diener 1256,369,85,21
der 799,403,40,21
Richter 855,403,96,21
sein 967,404,48,20
soll 1031,402,42,22
und 1087,403,49,21
dem 1152,403,54,21
er 1222,411,23,13
zu 1261,411,28,13
ge- 1305,411,36,20
horchen 798,437,103,21
hat. 913,437,49,21
<EOS>
Das 976,437,48,21
Recht 1038,437,76,21
zu 1127,445,29,13
schützen 1168,437,112,21
und 1292,437,49,21
dem 799,471,54,21
Unrecht 870,471,105,21
zu 993,478,29,13
wehren, 1041,471,99,25
war 1159,478,47,13
ihm 1223,471,50,20
eine 1292,472,49,20
hohe 798,505,61,21
Pflicht 874,505,84,21
und 972,505,49,21
er 1036,512,24,14
trug 1074,509,54,24
die 1143,505,36,21
Yerantwor- 1194,505,146,21
tung, 798,544,66,22
die 881,538,35,22
er 933,546,23,14
mit 971,538,43,22
seinem 1030,539,87,21
Amte 1131,538,70,22
übernom- 1217,538,123,22
men 798,581,54,13
hatte, 861,572,75,26
gerne. 947,580,74,20
<EOS>
Denn 1033,572,68,22
er 1111,580,23,14
durfte 1144,572,77,22
stets 1232,577,57,17
das 1300,573,40,21
Bewußtsein 799,606,150,22
haben, 961,606,85,26
immer 1059,607,82,20
das 1155,606,40,21
Beste 1210,606,68,21
und 1291,607,49,20
das 800,641,40,20
Rechte 853,640,89,22
zu 954,649,29,12
wollen. 995,640,88,21
<EOS>
Er 1096,640,32,21
besaß, 1140,640,79,25
was 1232,648,46,13
ent- 1291,645,49,17
gegen 799,682,72,21
einer 900,675,62,21
weitverbreiteten 991,674,211,22
Meinung 1230,675,110,27
nicht 798,709,66,21
bloß 876,708,55,22
ein 945,709,36,21
Privileg 995,709,99,27
der 1107,709,39,21
Laien 1160,709,71,20
ist, 1244,709,38,25
den 1296,709,45,21
sogenannten 799,747,159,23
gesunden 967,743,118,27
Menschenverstand. 1093,743,246,21
<EOS>
Er 800,776,31,22
dachte 847,776,83,22
einfach, 947,776,98,25
führte 1060,776,79,22
alles 1155,776,53,22
auf 1224,776,42,21
seine 1279,777,61,21
Grundlagen 802,810,149,28
zurück 969,810,86,21
und 1072,810,49,21
wußte 1139,810,79,21
Wesent- 1235,810,104,21
liches 799,844,70,21
vom 895,852,56,13
Unwesentlichen 978,844,203,21
zu 1207,852,28,13
unter- 1262,849,77,16
scheiden. 800,878,114,21
<EOS>
Er 933,878,31,21
verfügte 980,878,107,28
über 1104,878,57,21
einen 1178,879,67,20
ausge- 1262,886,78,20
sprochenen 800,912,143,28
Tatsachensinn, 969,912,191,25
wie 1187,913,42,20
er 1255,920,23,13
für 1303,913,38,21
einen 800,947,67,21
Richter 888,947,96,21
ebenso 1006,947,84,21
unentbehrlich 1111,947,179,21
ist 1310,947,31,21
wie 800,981,41,21
die 855,980,37,22
Klarheit 906,980,107,22
im 1025,981,32,21
Denken. 1072,980,104,22
<EOS>
Seine 1193,980,66,22
Refe- 1273,980,67,22
rate 798,1019,51,16
wirkten 866,1014,98,21
stets 981,1019,58,16
überzeugend, 1055,1014,170,27
weil 1242,1014,51,21
sie 1309,1015,31,20
den 800,1048,45,21
Eindruck 862,1048,119,21
des 999,1048,39,21
Einfachen, 1056,1047,137,26
Folgerich- 1211,1048,128,27
tigen, 799,1083,71,27
ja 881,1083,25,26
man 917,1090,56,13
kann 983,1082,64,21
sagen 1058,1090,71,19
Selbstverständ- 1141,1082,198,21
liehen 799,1116,76,21
machten. 886,1116,116,21
<EOS>
Sein 832,1150,53,21
Bild 900,1150,53,21
wäre 967,1152,60,19
aber 1043,1150,54,21
nicht 1111,1150,66,21
vollständig, 1191,1150,149,28
wenn 800,1191,66,15
nicht 877,1184,65,21
seiner 954,1184,73,21
Charaktereigenschaften 1039,1184,302,28
als 801,1218,32,22
Richter 849,1218,93,22
gedacht 954,1218,99,27
würde. 1065,1218,86,22
<EOS>
Seine 1166,1218,65,22
Integri- 1244,1218,96,28
tät 800,1255,37,18
und 854,1252,49,21
seine 921,1253,61,20
Charakterfestigkeit 1001,1251,246,28
waren 1265,1260,77,13
über 800,1286,57,21
jeden 866,1286,70,27
Zweifel 947,1286,92,21
erhaben. 1050,1286,107,21
<EOS>
Nie 1169,1286,44,21
hätte 1223,1286,67,21
ihn 1300,1286,42,21
etwas 801,1324,70,17
davon 881,1320,78,21
abhalten 969,1320,111,22
können, 1088,1321,102,24
nach 1198,1320,62,21
seiner 1268,1321,74,20
persönlichen 799,1354,160,27
Uberzeugung 985,1354,169,27
zu 1180,1361,29,14
urteilen. 1234,1354,106,21
<EOS>
Den 800,1388,52,21
Strom 869,1388,78,21
der 961,1388,40,21
öffentlichen 1015,1388,150,21
Meinung 1179,1388,110,28
be- 1303,1388,38,21
achtete 801,1422,91,21
er 910,1429,23,14
nicht. 945,1422,73,21
<EOS>
Ich 1037,1422,42,21
bin 1095,1422,40,21
überzeugt, 1147,1422,135,27
daß 1295,1422,46,21
die 801,1455,36,22
Unabhängigkeit 854,1455,206,28
seines 1078,1456,73,21
Wesens 1168,1455,95,22
auch 1282,1455,60,22
nach 799,1489,61,21
außen 875,1489,77,21
so 967,1497,24,13
klar 1007,1489,50,21
in 1071,1489,25,21
Erscheinung 1111,1489,159,27
trat, 1284,1494,57,21
daß 801,1523,45,21
man 861,1531,56,13
nie 930,1524,37,20
auch 982,1523,60,21
nur 1056,1531,43,13
versucht 1113,1523,110,21
hat, 1237,1523,50,26
ihn 1301,1523,41,21
etwa 801,1562,59,16
persönlich 875,1557,130,27
zu 1020,1565,28,13
beeinflussen 1063,1557,154,21
oder 1232,1557,54,21
gar 1301,1565,41,20
einschüchtern 801,1591,178,22
zu 991,1599,28,13
wollen. 1030,1591,89,21
<EOS>
Und 1133,1591,54,21
noch 1198,1591,61,21
etwas 1271,1596,71,16
ist 799,1626,32,20
zu 856,1633,29,13
erwähnen: 911,1625,132,21
ein 1071,1626,37,20
altes 1135,1625,56,21
römisches 1217,1626,125,21
Rechtssprichwort 802,1659,224,28
sagt: 1057,1664,62,23
«Pectus 1154,1659,98,21
facit 1285,1659,58,21
juris 799,1693,57,27
consultum», 877,1693,158,25
das 1056,1692,40,22
Herz 1118,1692,60,22
macht 1198,1693,80,21
den 1298,1693,45,21
Richter 801,1726,96,22
aus. 925,1734,49,14
<EOS>
Dieses 1003,1727,79,21
Herz 1113,1726,60,22
besaß 1201,1726,72,22
Dr. 1301,1727,40,21
<EOS>
Kramer. 802,1761,106,21
<EOS>
Er 831,1795,33,21
war 875,1803,47,13
auch 936,1795,58,21
einer 1008,1796,60,20
der 1081,1794,40,22
Glücklichen, 1135,1795,159,24
die 1307,1795,36,21
Zeit 801,1829,50,20
haben. 865,1829,84,20
<EOS>
In 966,1829,28,20
einer 1010,1829,61,20
Welt 1085,1828,62,21
der 1163,1828,39,21
Hast, 1218,1828,69,25
der 1303,1828,40,21
Hetze, 802,1862,81,25
der 905,1863,40,20
Unruhe 966,1862,96,21
war 1083,1869,47,14
an 1151,1869,30,14
ihm 1201,1862,50,21
selbst 1272,1862,71,21
nichts 800,1897,77,20
Hastiges, 889,1897,117,27
nichts 1016,1896,77,21
Ruheloses. 1105,1896,134,21
<EOS>
Im 1251,1897,37,20
Ge- 1300,1896,42,21
fühl 800,1930,51,21
eines 865,1930,60,22
innern 939,1930,83,21
Wertes 1035,1930,89,21
ruhte 1138,1930,69,21
er 1221,1938,24,13
in 1257,1930,24,21
sich 1295,1930,49,21
selbst, 801,1963,79,26
ohne 895,1964,59,21
Falsch, 969,1963,91,26
ohne 1075,1963,60,22
Arg, 1148,1963,55,28
ohne 1219,1963,59,22
ver- 1292,1971,51,14
dächtigen 802,1997,123,28
Ehrgeiz. 942,1997,105,27
<EOS>
Immer 1065,1997,86,21
lag 1168,1997,37,28
über 1221,1998,57,20
ihm 1294,1997,49,21
eine 802,2032,49,20
stille 862,2031,58,21
Heiterkeit. 932,2031,137,21
<EOS>
Wie 1081,2031,50,21
sich 1142,2031,48,21
die 1201,2031,36,21
Welt 1247,2031,62,21
in 1318,2032,26,20
ihm 800,2065,49,21
spiegelte, 864,2065,118,28
kam 997,2065,55,21
zum 1068,2073,53,13
Ausdruck 1135,2065,124,21
in 1273,2066,25,20
ei- 1313,2066,29,20
nem 801,2107,54,13
alles 869,2099,53,21
vergoldenden, 936,2099,179,27
nie 1129,2100,37,20
verletzenden 1179,2099,165,21
Humor, 803,2133,98,25
der 914,2133,40,21
immer 965,2134,82,20
ein 1061,2134,36,20
starkes 1109,2133,89,21
Band 1212,2133,67,21
zwi- 1292,2133,50,21
sehen 802,2167,70,21
ihm, 890,2167,57,25
seinen 967,2167,79,21
Kollegen 1065,2167,113,27
und 1196,2167,49,21
seinen 1265,2167,78,21
vielen 800,2200,76,23
Freunden 885,2200,123,22
bildete. 1017,2200,93,22
<EOS>
Denn 1125,2200,69,22
überall, 1202,2200,96,25
wo 1307,2208,35,14
er 802,2242,23,14
wirkte, 840,2234,89,26
erwarb 946,2234,87,22
er 1050,2242,23,14
sich 1089,2234,47,22
wie 1151,2235,43,21
von 1209,2242,47,14
selbst 1272,2234,71,22
wahre 801,2268,76,21
und 906,2268,48,21
aufrichtige 986,2268,136,27
Freunde. 1152,2268,113,21
<EOS>
Der 1296,2268,47,21
Charme, 802,2302,105,25
den 932,2302,45,21
sein 1002,2303,49,20
ganzes 1075,2310,82,20
Wesen 1183,2302,84,21
aus- 1292,2310,50,12
strahlte, 801,2336,106,25
gewann 917,2344,97,20
ihm 1024,2336,49,21
die 1084,2336,35,21
Sympathie 1132,2335,137,28
aller, 1280,2335,62,26
die 802,2370,35,21
mit 852,2371,44,20
ihm 910,2370,49,21
nähere 973,2370,85,21
Beziehungen 1074,2370,163,27
hatten. 1251,2370,90,20
<EOS>
Trotzdem 801,2404,124,21
er 941,2411,23,14
als 980,2404,31,21
Anwalt 1026,2404,94,21
und 1134,2404,49,21
als 1199,2404,32,20
Richter 1247,2404,96,20
manchem 801,2438,124,21
entgegentreten 953,2442,191,23
mußte, 1172,2437,90,25
darf 1291,2437,54,21
man 801,2479,56,14
von 865,2479,48,14
ihm 921,2471,49,21
sagen 980,2479,71,20
— 1059,2483,15,3
und 1082,2471,49,22
hier 1141,2471,49,22
trifft 1199,2471,61,21
dieses 1270,2471,72,21
Wort 802,2505,66,21
einmal 883,2505,85,22
in 981,2506,25,20
seiner 1020,2506,73,20
vollen 1107,2505,77,21
und 1197,2505,50,21
schön- 1262,2505,80,21
sten 802,2543,51,17
Redeutung 865,2539,139,28
zu 1017,2548,29,12
- 1057,2552,15,2
daß 1084,2539,45,21
er 1143,2548,23,12
keine 1178,2540,66,20
Feinde 1257,2539,86,21
hatte. 801,2572,74,21
<EOS>
Und 887,2573,54,20
selbst 954,2573,71,21
der 1037,2573,40,21
Tod 1088,2573,50,20
kam 1149,2573,56,20
zuletzt 1217,2572,86,21
zu 1314,2581,29,11
ihm 801,2606,49,20
als 861,2606,31,21
Freund, 903,2607,100,24
um 1013,2615,41,12
ihn 1063,2606,40,21
von 1114,2614,48,13
einem 1172,2607,74,20
Leiden 1256,2606,87,21
<EOS>
<EOP>
zu 1411,174,28,13
erlösen, 1454,166,95,25
das 1564,166,40,22
ihn 1618,166,41,22
viel 1672,167,47,21
zu 1732,174,29,14
früh 1773,166,55,22
für 1841,166,38,22
seine 1892,167,62,22
Familie, 1411,200,105,26
die 1527,201,36,21
Öffentlichkeit, 1573,196,184,30
seine 1768,202,62,21
Kollegen 1841,201,113,28
und 1410,235,50,21
Freunde 1477,235,108,21
ans 1604,242,40,14
Krankenbett 1663,235,167,22
gefesselt 1847,235,107,27
hat. 1410,268,49,21
<EOS>
Dr. 1473,268,40,21
<EOS>
Alfred 1524,268,80,22
Kramer 1618,268,99,22
starb 1730,269,63,21
am 1808,276,37,14
4. 1858,269,21,21
<EOS>
März 1890,269,63,21
1954. 1412,302,64,21
<EOS>
<EOP>
Ernst 1581,384,84,26
Rieben 1676,384,106,27
Es 1442,461,30,21
geziemt 1492,461,98,28
sich, 1610,461,55,26
daß 1686,461,45,22
im 1750,461,33,22
«Thurgauer 1803,461,150,28
Jahrbuch» 1412,494,138,23
auch 1565,495,61,21
mit 1639,495,44,21
einigen 1698,495,89,27
Worten 1802,495,95,21
auf 1913,495,43,21
den 1411,529,44,20
in 1474,529,25,20
Kreuzlingen 1520,529,156,27
verstorbenen 1695,529,167,21
Ernst 1882,529,71,21
Rieben 1411,563,89,20
hingewiesen 1524,563,154,27
wird; 1702,563,68,25
denn 1796,563,61,21
Ernst 1882,564,70,20
Rieben 1411,597,88,21
war 1505,605,47,12
doch 1561,597,60,21
der 1629,597,40,21
Begründer 1675,597,134,27
des 1818,597,39,21
«Thür- 1865,598,87,21
gauer 1410,638,70,20
Jahrbuches». 1495,631,170,23
<EOS>
Im 1680,631,35,21
Jahre 1731,631,71,23
1925 1817,632,55,21
hatte 1886,632,66,21
er 1411,672,22,14
erstmals 1455,665,105,21
das 1584,665,41,21
«Kreuzlinger 1648,665,167,28
Neujahr- 1837,665,115,28
buch» 1409,699,79,21
herausgegeben, 1498,699,194,27
dem 1704,699,54,21
im 1767,699,33,21
Jahre 1813,699,70,23
1926 1897,699,55,22
ein 1411,734,36,20
zweites 1461,734,91,20
folgte. 1565,733,79,28
<EOS>
Im 1661,733,37,21
Jahre 1714,733,71,23
1927 1801,734,56,21
gab 1871,734,44,27
er 1930,742,23,13
dem 1411,767,52,21
Heft 1478,766,58,22
den 1551,767,45,21
neuen 1610,775,76,13
Namen 1698,767,92,21
«Thurgauer 1803,767,149,28
Jahrbuch». 1411,801,145,23
<EOS>
Er 1581,801,31,20
erweiterte 1635,802,128,20
die 1786,801,36,21
Beiträge 1845,801,107,28
mit 1410,836,44,19
thurgauischen 1476,835,182,27
Themen, 1680,835,112,25
führte 1814,835,79,21
die 1917,835,35,21
«Thurgauer 1412,869,149,27
Chronik» 1585,869,117,21
ein 1726,870,36,20
und 1783,869,49,21
brachte 1856,869,96,21
Nachrufe 1410,903,117,21
auf 1554,903,41,21
thurgauische 1618,903,165,27
Persönlich- 1809,903,143,21
keiten. 1410,936,85,22
<EOS>
Er 1513,936,31,22
führte 1560,936,79,22
das 1657,937,40,21
«Thurgauer 1716,936,150,28
Jahr- 1885,936,67,24
buch» 1410,970,78,21
bis 1509,970,34,21
zum 1565,979,54,12
Jahre 1642,970,70,24
1934, 1736,971,64,25
in 1820,971,25,20
diesem 1867,971,85,21
.Jahre 1412,1005,71,23
<EOS>
wurde 1501,1005,78,21
es 1598,1013,23,13
von 1637,1013,49,13
Dr. 1703,1005,39,21
<EOS>
J. 1756,1005,22,24
<EOS>
Rickenmann 1790,1005,162,21
in 1410,1039,23,20
Frauenfeld 1455,1038,139,22
übernommen, 1615,1039,177,24
der 1814,1039,40,21
es 1876,1046,22,14
im 1920,1039,32,21
Jahre 1413,1073,70,23
1936 1497,1073,56,22
an 1565,1080,30,14
den 1606,1073,45,21
Verlag 1661,1073,84,28
Huber 1758,1074,80,20
& 1848,1073,21,20
Co. 1880,1073,37,22
<EOS>
in 1929,1074,24,20
Frauenfeld 1411,1107,138,21
abtrat. 1560,1107,87,21
<EOS>
Ernst 1440,1140,72,22
Rieben 1537,1140,89,22
wurde 1650,1140,79,22
am 1753,1148,39,14
9. 1817,1141,19,21
<EOS>
Oktober 1848,1140,104,22
1881 1411,1175,55,20
in 1484,1175,25,20
Aarberg 1524,1174,104,28
geboren, 1644,1174,108,28
als 1769,1174,32,21
zweitjüng- 1818,1175,134,27
stes 1411,1213,45,17
von 1465,1216,48,13
9 1521,1209,12,21
Kindern. 1543,1208,113,21
<EOS>
Der 1667,1208,47,21
Yater 1721,1208,72,22
war 1803,1217,46,12
Schnei- 1860,1208,92,21
dermeister 1411,1243,134,21
und 1559,1243,49,20
betrieb 1622,1243,89,20
daneben 1727,1243,107,20
noch 1847,1243,61,20
ei- 1923,1243,29,21
nen 1410,1284,46,14
kleinen 1472,1277,93,21
Landwirtschaftsbetrieb. 1582,1277,307,21
<EOS>
Ne- 1908,1277,44,21
ben 1411,1311,45,21
den 1470,1311,44,21
Feldarbeiten 1527,1311,163,21
und 1702,1311,48,21
der 1764,1311,39,21
Schule 1819,1311,82,21
be- 1914,1311,38,21
tätigte 1411,1345,84,27
sich 1505,1345,49,20
Rieben 1565,1345,89,21
als 1665,1345,32,21
Brotverträger, 1708,1345,185,27
Zei- 1904,1345,48,21
tungsverträger, 1411,1381,197,25
Telegrammbote, 1627,1378,209,27
Hunde- 1856,1378,96,22
betreuer 1411,1412,106,21
bei 1529,1412,38,21
den 1580,1412,45,21
Jagden. 1639,1412,98,28
<EOS>
Er 1752,1412,32,21
erlernte 1797,1412,97,21
den 1908,1412,45,21
Beruf 1411,1446,74,21
eines 1510,1446,60,21
Schriftsetzers. 1599,1445,179,22
<EOS>
Auf 1806,1446,49,21
seiner 1880,1447,72,20
Wanderschaft 1411,1480,179,21
kam 1599,1480,55,21
er 1665,1488,22,14
nach 1696,1480,61,21
Osterreich 1764,1480,131,21
und 1904,1480,48,21
<EOS>
<EOP>
in 1411,2336,25,19
die 1449,2335,35,21
Balkanländer, 1497,2335,180,26
er 1691,2344,23,12
arbeitete 1726,2336,112,20
in 1850,2336,24,20
Inns- 1887,2336,65,20
brück, 1411,2369,82,25
Salzburg, 1519,2369,118,28
Wien, 1661,2369,75,25
Budapest 1760,2370,121,26
und 1903,2370,49,20
München. 1411,2403,124,21
<EOS>
Im 1547,2403,36,21
Jahre 1595,2403,70,23
1906 1677,2403,56,22
heiratete 1743,2403,113,21
er; 1867,2411,34,17
aus 1912,2411,40,13
dieser 1412,2437,73,21
Ehe 1504,2437,50,21
entsprossen 1574,2442,146,22
vier 1739,2438,49,20
Kinder. 1807,2437,96,21
<EOS>
In 1924,2438,28,20
Kreuzlingen, 1412,2471,164,27
wo 1584,2479,35,13
er 1628,2479,23,13
seinen 1660,2471,77,21
Wohnsitz 1743,2471,121,21
nahm, 1872,2471,80,25
gründete 1412,2504,112,28
er, 1534,2512,31,18
wie 1574,2505,41,21
gesagt, 1625,2510,87,22
im 1720,2505,33,21
Jahre 1764,2504,71,23
1926 1846,2504,56,22
das 1912,2504,40,22
«Thurgauer 1414,2538,149,28
Jahrbuch». 1583,2538,144,23
<EOS>
Im 1748,2538,37,21
Jahre 1804,2538,71,23
1929 1897,2539,55,20
ging 1412,2573,53,27
er 1476,2580,23,13
eine 1510,2573,48,20
zweite 1569,2573,79,20
Ehe 1659,2572,50,21
ein. 1720,2573,43,20
<EOS>
Um 1774,2572,47,21
diese 1831,2572,61,21
Zeit 1903,2572,50,21
wechselte 1411,2606,121,21
er 1543,2614,23,13
auch 1577,2606,60,21
seinen 1647,2607,78,20
Beruf, 1735,2605,79,26
er 1825,2614,22,13
befaßte 1858,2605,94,22
<EOS>
<EOP>
42 1054,2743,34,25
<EOS>
<EOP>
