2116,2962
Von 334,176,136,56
den 506,175,121,58
Thurgauervereinen 658,176,677,78
der 1371,177,114,57
Schweiz 1518,177,273,58
<EOS>
<EOP>
Thurgauerverein 275,352,255,34
Basel 544,354,81,24
In 212,439,27,22
der 257,440,40,21
Zeit 316,440,49,21
vom 383,448,55,13
1. 457,441,20,20
<EOS>
Oktober 488,441,104,21
1953 611,442,56,20
bis 686,442,35,20
Ende 181,473,65,21
September 260,473,135,28
1954 407,475,56,21
hat 474,475,42,20
der 527,475,39,21
Verein 576,475,84,21
aufs 671,476,50,21
neue 179,515,59,13
bewiesen, 249,507,121,26
daß 381,508,46,21
er 439,516,22,13
sich 472,509,48,20
seiner 531,509,73,21
Aufgabe 614,509,107,27
als 181,542,32,20
Erhalter 226,542,108,21
und 345,543,48,20
Verbreiter 405,543,131,21
der 549,544,39,20
Liebe 600,544,69,21
zur 682,552,39,13
Heimat 181,576,97,21
unter 287,581,69,16
den 366,577,45,21
Basler 421,577,79,21
Thurgauern 510,577,151,28
ver- 671,586,50,13
pflichtet 180,610,106,27
fühlt. 298,610,68,21
<EOS>
Am 210,643,45,22
18. 268,644,33,21
<EOS>
Oktober 312,643,105,22
1953 428,645,55,20
wurde 494,645,78,20
die 583,645,36,20
übliche 629,645,92,21
Herbstfahrt, 181,677,160,26
diesmal 354,678,96,21
allerdings 461,678,122,28
ins 595,679,35,21
«Neb- 644,679,76,21
lige», 179,711,69,28
zum 275,720,54,12
sonst 355,717,64,16
so 445,720,25,13
sonnigen 497,713,111,27
Schloß 637,712,83,22
Dorneck, 181,746,115,24
oberhalb 319,747,110,20
Dornach, 452,747,116,25
in 589,748,25,21
nichts- 634,748,87,20
destoweniger 181,781,166,27
froher 374,781,76,21
Stimmung 481,781,132,28
ausge- 642,789,78,20
führt. 179,814,72,21
<EOS>
Am 210,848,45,21
7. 278,849,19,20
<EOS>
November 310,848,132,22
erfreute 465,848,99,22
uns 586,857,43,13
unser 652,857,69,13
Ehrenpräsident, 180,882,208,27
Hans 406,882,66,21
Oswald, 489,882,100,25
mit 607,883,43,20
dem 667,883,54,21
Abschlußvortrag: 179,916,227,27
«Die 434,917,58,20
Geschichte 519,916,137,22
des 681,917,39,21
Thurgaus». 180,950,145,27
<EOS>
Der 345,950,46,21
Anlaß 408,950,76,21
wurde 502,951,78,21
mit 598,952,43,19
einer 659,952,62,20
kleinen 180,985,92,21
Gedenkfeier 300,985,152,21
zum 478,993,53,13
Eintritt 556,986,99,20
des 682,986,39,21
Kantons 181,1019,109,21
als 312,1019,32,21
gleichberechtigtes 366,1019,228,27
Mitglied 618,1019,101,27
in 179,1052,24,21
die 216,1052,35,22
Eidgenossenschaft 264,1052,236,28
verbunden. 511,1052,143,22
<EOS>
Am 210,1085,45,22
31. 269,1086,35,21
<EOS>
Dezember 316,1086,128,21
überreichten 456,1086,163,22
Ehren- 632,1087,88,21
Präsident 179,1120,121,27
Hans 312,1120,65,21
Oswald, 389,1120,100,26
als 502,1120,32,21
Initiant, 547,1121,107,25
Prä- 665,1121,55,21
sident 180,1154,77,21
Ernst 268,1154,72,21
Huldi 352,1154,72,21
und 436,1154,48,21
einige 496,1155,73,27
Vorstands- 580,1155,140,21
mitglieder 180,1188,130,28
anderer 326,1189,96,20
Thurgauervereine 437,1189,228,27
der 681,1189,39,21
Schweiz, 182,1222,108,25
als 304,1222,32,21
Dank 349,1223,69,20
für 429,1223,38,21
den 479,1223,44,21
schönen 535,1223,102,21
Emp- 649,1223,71,27
fang 179,1256,56,28
mit 254,1256,44,21
Gratis-Eisenbahn- 319,1256,233,22
oder 573,1256,54,22
Auto- 647,1256,73,22
fahrt 179,1290,65,21
nach 254,1290,61,21
Frauenfeld 327,1290,140,21
und 477,1290,48,21
Imbiß, 538,1290,85,26
welche 635,1290,85,21
die 181,1324,36,21
Thurgauer 232,1324,135,27
Regierung, 383,1324,138,28
bei 536,1324,37,21
Anlaß 588,1324,76,22
der 681,1325,39,20
150Jahrfeier 182,1358,159,23
in 359,1359,24,20
der 401,1358,40,21
Kantonshauptstadt, 460,1358,259,28
den 181,1393,45,21
Abordnungen 246,1393,175,27
der 441,1393,39,21
acht 501,1393,54,21
Thurgauer- 576,1393,144,28
vereine 180,1427,92,21
(Basel, 282,1427,85,27
Bern, 378,1427,69,24
Luzern, 457,1427,97,24
Genf, 566,1427,67,25
Sankt 645,1427,75,21
Gallen, 184,1461,88,24
Zürich, 282,1461,90,24
Winterthur 381,1461,146,21
und 536,1461,48,21
Uster) 594,1461,79,27
be- 682,1461,38,21
reitete, 179,1494,90,25
der 289,1494,40,22
heimatlichen 345,1494,166,22
Regierung, 530,1494,138,28
als 687,1494,32,22
gemeinsames 180,1529,166,26
Geschenk, 363,1527,128,26
eine 506,1529,49,20
von 569,1536,47,13
Kiinst- 631,1528,88,21
lerhand 180,1562,97,21
geschaffene 306,1562,144,27
IEappensc/iei6e. 483,1562,193,27
<EOS>
- 706,1575,14,1
<EOS>
<EOP>
Möge 180,1596,66,27
das 257,1596,40,21
Geschenk 309,1596,121,21
immer 439,1597,82,20
als 531,1596,32,21
Symbol 575,1596,96,27
der 681,1596,39,21
Zusammengehörigkeit 181,1630,285,27
zwischen 482,1630,112,21
dem 612,1630,53,21
lie- 682,1630,38,21
ben 180,1665,45,20
Thurgau 236,1664,109,27
und 356,1664,48,21
den 416,1664,45,21
in 470,1665,24,20
unserer 505,1672,93,13
größeren 609,1664,109,28
Heimat, 182,1698,102,25
der 310,1698,40,21
Schweiz, 376,1698,108,25
lebenden 509,1698,112,22
Thür- 647,1698,73,21
gauern 181,1740,87,19
dienen. 278,1731,89,22
<EOS>
Am 210,1765,46,21
30. 271,1766,35,20
<EOS>
Januar 318,1765,90,24
1954 424,1766,56,20
wurde 495,1765,77,21
im 587,1766,33,20
großen 634,1765,87,28
„Safran"-Saal 181,1798,184,27
die 377,1800,36,20
übliche 424,1799,92,21
Jahresfeier 529,1799,140,24
ab- 681,1800,39,20
gehalten. 181,1833,114,28
<EOS>
Sie 317,1833,35,21
erfreute 371,1833,98,21
alt 488,1833,32,21
und 537,1834,48,20
jung 601,1834,59,27
mit 677,1834,44,20
schönen, 181,1868,109,23
zum 307,1875,54,13
Teil 376,1867,49,21
recht 441,1867,65,21
ansprechenden, 523,1866,197,28
originellen 181,1902,131,27
Produktionen 330,1901,176,21
und 521,1902,48,20
Liedervor- 586,1902,134,20
trägen. 179,1938,89,25
<EOS>
Am 210,1969,45,21
13. 273,1969,33,21
<EOS>
März 318,1969,63,21
wurde 397,1969,78,21
von 491,1976,47,14
der 555,1969,39,21
General- 613,1969,106,21
Versammlung 179,2002,173,27
der 377,2003,40,21
Vorstand, 440,2002,126,25
bestehend 591,2002,128,22
aus: 180,2045,51,12
Präsident 243,2036,121,21
Ernst 373,2036,72,21
Huldi, 454,2036,80,25
Vizepräsident 543,2036,177,27
Adolf 179,2070,73,21
Deucher, 266,2070,113,25
Sekretär 399,2070,107,21
Adolf 522,2070,72,21
Künzler, 609,2070,110,26
Aktuar 179,2105,92,20
Albert 287,2104,82,21
Lengweiler, 385,2104,148,27
Kassier 550,2104,94,21
Otto 662,2104,56,21
Zeller, 180,2139,79,24
Beisitzer 281,2138,111,21
Frau 413,2138,62,21
Elsa 496,2138,54,21
Keller 572,2138,78,21
und 671,2138,48,21
Jakob 182,2173,76,22
Sauter, 278,2172,90,24
einstimmig 386,2173,141,26
wieder 543,2172,84,21
bestä- 642,2172,77,21
tigt. 179,2207,52,27
<EOS>
An 247,2206,37,21
Stelle 300,2206,69,21
des 384,2206,38,21
aus 438,2213,40,14
Gesundheitsrück- 495,2206,223,21
sichten 180,2240,89,21
zurücktretenden 288,2239,210,22
Fähnrichs 515,2239,128,22
Paul 661,2239,58,21
Oberhänsli-Scherer 181,2273,244,21
wurde 438,2273,78,21
Max 525,2273,55,21
Huber 590,2273,81,21
ge- 682,2281,36,19
wählt. 180,2307,78,21
<EOS>
Auch 270,2307,67,21
der 347,2307,40,21
Dirigent, 398,2307,113,27
Robert 523,2307,89,21
Epting, 623,2307,95,27
wurde 180,2342,77,20
wieder 268,2341,83,21
bestätigt. 362,2341,121,27
<EOS>
Im 495,2341,37,21
üblichen 541,2341,109,21
Jah- 663,2341,55,23
resbericht 180,2376,126,21
sprach 328,2375,83,27
der 431,2375,40,21
Präsident 492,2375,122,21
haupt- 634,2375,85,27
sächlich 181,2410,100,21
über 301,2409,56,21
die 377,2409,35,21
im 431,2410,32,19
Laufe 483,2409,72,21
des 575,2409,39,21
letzten 633,2409,85,21
Jahres 182,2443,82,23
vorgekommenen 289,2443,210,27
Vereinsanlässe. 523,2442,193,21
<EOS>
Ein 181,2478,45,21
Reisebericht 239,2477,157,21
über 408,2477,57,21
die 478,2477,35,21
Fahrt 527,2477,72,20
des 611,2477,39,21
Vor- 662,2477,57,20
Standes 181,2510,93,22
an 287,2518,29,13
die 328,2510,35,21
150 377,2510,40,21
Jahrfeier 427,2510,113,23
des 558,2510,39,21
Kantons 610,2510,109,21
Thurgau, 180,2545,117,26
verfaßt 317,2543,93,22
vom 428,2552,56,13
Sekretär, 505,2543,116,25
wurde 641,2543,78,22
von 180,2587,47,12
den 235,2578,45,21
Anwesenden 288,2577,157,21
mit 456,2578,43,20
lebhaftem 507,2577,128,21
Inter- 645,2577,73,21
esse 181,2620,48,14
angehört. 242,2612,118,27
<EOS>
<EOP>
In 821,351,26,21
der 859,351,40,21
Versammlung 909,351,179,27
vom 1099,358,55,14
4. 1165,351,19,21
<EOS>
Mai 1196,351,47,21
unter- 1253,356,78,16
hielt 790,384,57,22
uns 867,392,43,14
Alt-Präsident 932,384,175,22
und 1128,385,48,21
Ehrenmit- 1198,384,133,22
glied 791,419,59,28
Willy 860,419,70,27
Zimmermann 941,419,172,21
mit 1123,420,44,19
einer 1177,420,61,20
«Plan- 1250,419,82,21
derei 791,453,61,21
über 864,453,57,21
meine 934,454,74,20
Erlebnisse 1023,453,130,21
in 1165,454,25,20
Marokko» 1202,453,130,21
und 789,487,48,21
wurde 855,487,78,21
dafür 951,487,68,20
recht 1035,487,66,21
herzlich 1117,487,101,21
applau- 1234,487,95,27
diert. 791,521,66,21
<EOS>
Am 820,555,45,21
22. 884,555,34,20
<EOS>
Mai 929,555,47,21
erfreute 994,555,99,21
uns 1111,562,42,14
die 1173,555,36,21
«Lands- 1229,555,102,21
mannschaftliche 791,588,209,22
Vereinigung» 1013,588,171,28
(Bund 1198,589,80,27
der 1292,589,39,21
kantonalen 790,622,143,21
Vereine 948,622,97,21
in 1059,623,25,20
Basel), 1098,623,86,27
LMV, 1201,623,72,25
mit 1288,623,44,20
einem 791,657,74,20
sehr 881,657,52,20
interessanten 947,657,172,21
Lichtbildervor- 1135,657,195,21
trag 790,696,52,22
über 850,691,57,21
Korea 916,691,78,21
(Oberstleutnant 1003,691,204,27
E. 1217,691,26,21
<EOS>
Fank- 1255,691,75,20
hauser, 789,725,92,24
Bern). 894,725,78,27
<EOS>
Am 820,759,45,21
27. 875,759,33,21
<EOS>
Mai 920,759,47,20
führte 975,759,78,21
uns 1059,766,43,14
der 1113,759,38,21
übliche 1160,759,91,21
Früh- 1258,759,72,21
jahrsbummel 788,792,170,28
bei 986,792,37,22
herrlichstem 1052,792,160,22
Wetter 1240,793,91,21
über 790,826,57,22
den 859,826,44,22
«Predigerhof» 918,826,181,28
nach 1111,827,61,21
Therwil. 1184,826,105,22
<EOS>
Am 820,861,45,20
22. 882,862,34,19
<EOS>
Juni 930,861,56,23
unternahmen 1001,861,172,21
einige 1189,862,73,27
Mit- 1277,861,53,21
glieder 790,894,85,28
unter 890,899,68,17
der 975,895,39,21
Führung 1030,895,110,27
unseres 1156,903,93,13
Vize- 1265,895,65,21
Präsidenten 789,929,150,27
einen 969,929,66,21
Ausflug 1063,929,96,27
nach 1187,929,61,21
dem 1277,929,53,21
Weißenstein. 790,963,164,21
<EOS>
Am 820,997,45,21
26. 888,997,34,21
<EOS>
September 936,997,135,27
lud 1093,997,40,21
die 1157,997,35,21
LMV 1215,997,64,21
zu 1302,1005,27,13
einer 790,1031,61,21
Besichtigung 861,1030,166,28
der 1037,1031,40,21
im 1085,1031,33,21
Bau 1129,1031,50,21
begriffenen 1188,1030,142,28
«St. 792,1064,49,21
<EOS>
Albanbrücke» 853,1064,180,22
ein. 1047,1065,43,21
<EOS>
Am 820,1099,45,20
28. 890,1100,34,20
<EOS>
September 938,1099,136,27
hielt 1097,1099,57,21
Ehrenpräsi- 1179,1099,150,27
dent 790,1133,56,21
Hans 863,1133,65,20
Oswald 945,1132,92,21
einen 1054,1133,66,21
sehr 1136,1133,51,21
aktuellen, 1204,1132,125,25
interessanten 789,1167,170,21
Vortrag 979,1167,100,28
über 1099,1167,57,21
das 1176,1167,41,21
Abzah- 1237,1167,91,21
lungsgeschäft. 789,1201,180,27
<EOS>
Der 977,1201,46,21
Besuch 1030,1201,90,21
entsprach 1127,1201,124,27
leider 1259,1201,70,21
nicht 789,1234,65,22
der 867,1234,40,22
Wichtigkeit 919,1234,152,28
des 1084,1234,39,22
Themas. 1135,1234,108,22
<EOS>
- 1256,1247,14,2
Der 1284,1234,45,22
Thurgauer, 789,1268,142,28
in 944,1269,23,20
und 979,1268,48,21
außerhalb 1041,1268,126,21
der 1180,1268,39,21
engeren 1232,1276,97,19
Heimat, 790,1302,103,25
zahlt 905,1302,63,21
eben 980,1302,57,21
bar. 1047,1303,49,20
<EOS>
A.K. 1267,1302,61,21
<EOS>
<EOP>
Thurgauerverein 889,1441,255,34
Bern 1157,1441,73,25
Kräht 820,1528,77,21
der 906,1528,40,21
Hahn 952,1528,70,21
und 1030,1528,49,21
schreibt 1088,1528,101,21
der 1198,1528,40,21
«Chro- 1245,1528,83,21
nast», 789,1567,78,21
ändert's 881,1561,102,22
wenig, 1000,1563,81,27
jeder 1093,1562,65,27
treibt's, 1174,1562,99,26
wie 1287,1563,41,20
es 790,1604,22,13
ihm 823,1596,49,21
paßt! 883,1596,67,27
<EOS>
Gliedern 822,1630,108,21
die 946,1630,35,21
Vereine 997,1630,96,21
unser 1109,1637,68,14
Volk 1193,1630,60,21
auch 1269,1630,60,21
recht 788,1664,66,21
vielfältig, 864,1664,122,27
so 997,1671,25,14
bestimmen 1033,1664,140,21
sie 1184,1665,31,20
den 1227,1665,43,20
All- 1282,1664,46,21
tag 789,1703,40,23
und 844,1698,49,21
Lebensgang 909,1698,151,28
des 1076,1698,39,21
einzelnen 1132,1698,118,21
Men- 1265,1698,63,21
sehen 790,1731,69,22
im 871,1732,32,21
Grunde 919,1731,94,22
wenig. 1025,1732,81,27
<EOS>
Die 1120,1731,42,22
Präsidenten 1177,1731,152,22
mögen 789,1768,81,25
noch 887,1765,60,21
so 963,1773,23,13
mit 1003,1766,43,20
ihren 1060,1765,66,21
Flügeln, 1141,1765,104,28
meist 1261,1766,67,20
papierenen, 789,1800,147,26
um 953,1808,40,12
sich 1009,1799,48,21
schlagen, 1073,1799,115,28
sich 1205,1799,48,21
noch 1268,1799,60,21
so 790,1841,24,13
hoch 827,1833,61,21
stellen 902,1833,78,21
und 996,1833,47,21
die 1058,1833,35,21
Stimme 1110,1833,97,21
erheben, 1221,1833,107,25
der 790,1867,39,21
Berichterstatter 853,1867,206,21
mag 1083,1875,53,19
die 1161,1867,35,21
schönste 1221,1867,107,21
Laudatio 789,1901,115,21
begangener 918,1901,145,28
Taten 1075,1902,76,20
zuwege 1163,1908,91,21
brin- 1267,1902,61,20
gen 789,1943,43,20
- 851,1947,15,2
man 885,1942,55,14
nimmt's 958,1935,105,21
zur 1084,1943,39,13
Kenntnis 1144,1935,117,21
und 1279,1935,49,21
schreitet 789,1969,109,21
weiter. 912,1969,85,21
<EOS>
Die 1012,1969,42,21
Akteure 1068,1969,102,21
dürfen 1184,1969,83,21
sich 1280,1969,48,21
zufrieden 789,2002,117,22
geben, 925,2002,81,27
wenn 1024,2010,67,14
auf 1110,2002,41,22
vergangenen 1167,2010,161,20
Tagen 789,2037,78,27
noch 875,2036,61,21
eine 944,2037,49,20
Zeitlang 1002,2036,100,27
der 1111,2036,39,21
Hauch 1156,2036,84,21
seliger 1249,2036,79,27
Erinnerung 789,2070,145,27
haftet. 947,2070,88,21
<EOS>
<EOS>
<EOS>
<EOP>
Der 819,2104,46,21
letzte 873,2104,70,21
Jahresbericht 951,2104,174,23
endete 1135,2104,82,21
mit 1223,2105,43,19
dem 1276,2104,52,21
beglückenden 788,2138,176,27
Gedenken 994,2138,126,21
der 1149,2138,39,21
thurgau- 1216,2138,111,27
ischen 787,2172,80,21
Jubiläumsfeiern 892,2172,205,23
- 1120,2184,15,2
es 1158,2179,22,14
waren 1204,2179,77,14
ja 1302,2173,25,26
deren 789,2206,70,21
mehrere 870,2206,103,21
-. 984,2218,21,9
<EOS>
Aus 1018,2206,48,20
dem 1079,2205,52,22
nachfolgenden 1143,2205,185,28
Jahresprogramm 791,2239,217,28
ist 1030,2239,30,22
wenig 1082,2239,73,28
zu 1178,2247,28,13
melden. 1228,2239,98,22
<EOS>
Mitte 788,2273,68,21
November 879,2273,133,21
wurde 1034,2273,78,21
wiederum 1134,2273,125,21
von 1280,2281,48,13
allen 789,2307,59,21
deutschschweizerischen 885,2307,299,21
Heimat- 1221,2307,105,21
Vereinigungen 788,2341,180,27
der 979,2341,39,21
Stadt 1030,2340,69,22
Bern 1110,2341,61,20
ein 1182,2341,36,20
Dichter- 1228,2340,99,21
und 789,2375,47,20
Sc/iriyiste/ZerahencZ 855,2374,225,28
durchgeführt 1099,2375,167,27
mit 1284,2375,44,20
der 789,2409,40,20
feinsinnigen 862,2408,151,28
Erzählerin 1048,2409,135,20
E/isa6eï/i 1214,2408,114,21
MüZZer, 789,2442,92,24
mit 901,2443,43,20
dem 964,2443,51,20
kraftvoll-dichterischen 1035,2442,293,22
Gestalter 791,2476,115,22
des 919,2476,39,21
Oberwallis, 971,2476,142,25
^4cZoZ/ 1125,2476,73,28
Eux, 1207,2477,60,24
und 1278,2476,49,21
dem 789,2510,53,21
bekannten 857,2510,134,22
Glarner 1009,2510,96,21
Kaspar 1120,2510,93,27
EreuZer. 1229,2510,97,21
<EOS>
Im 820,2544,35,21
Advent 864,2543,94,22
erfreuten 968,2543,116,22
sich 1092,2543,48,22
unsere 1148,2551,81,14
Kinder 1240,2543,88,22
der 789,2577,40,21
von 837,2586,45,12
den 892,2577,45,21
Vereinsmitgliedern 942,2577,242,28
gestifteten 1194,2577,134,28
Gaben 792,2611,80,21
im 885,2612,32,19
Kerzenschein 930,2611,171,21
des 1114,2612,39,20
Christbaums 1168,2611,160,21
<EOS>
<EOP>
und 1401,351,48,22
des 1464,351,39,22
launigen 1517,351,109,28
und 1639,352,48,21
gütigen 1702,353,95,27
Zuspruchs 1811,353,130,27
des 1402,385,39,21
aus 1453,393,41,13
dem 1505,385,53,21
Thurgau 1569,386,109,27
gekommenen 1689,386,168,27
Klau- 1869,386,72,21
senmannes. 1401,427,145,13
<EOS>
Für 1432,453,45,21
den 1487,454,44,20
Familienabend 1541,454,190,21
im 1740,455,33,19
Januar 1784,454,90,24
1954 1885,455,56,21
wurde 1401,488,78,21
erstmals 1488,488,105,21
die 1604,488,36,21
Kursaalstube 1647,488,170,21
gemietet, 1824,489,117,26
was 1401,529,46,13
allgemein 1461,521,121,28
befriedigte. 1595,522,144,27
<EOS>
Dem 1757,522,56,21
Zuge 1827,522,61,27
der 1902,522,40,21
Zeit 1401,555,49,22
entsprechend, 1466,555,177,28
brachte 1659,555,96,22
er 1771,564,23,13
ein 1810,556,36,21
«Non- 1863,556,78,21
stop-Programm», 1401,589,225,27
natürlich 1645,589,117,21
mit 1781,590,43,20
heimat- 1842,590,98,21
licher 1400,623,71,21
Tönung, 1490,623,107,28
wofür 1617,623,74,21
unser 1710,632,69,13
bodenstän- 1799,624,142,21
diger 1401,657,63,28
Humorist 1478,657,123,21
August 1614,657,89,28
Hungerhü/iZer 1716,658,170,27
un- 1899,665,42,13
ter 1400,696,35,16
Mitwirkung 1460,692,150,27
verschiedener 1635,691,176,22
Vereins- 1836,692,105,21
mitglieder 1400,726,130,27
sein 1540,726,48,21
Bestes 1599,726,80,21
hergab. 1688,726,94,27
<EOS>
Als 1793,726,40,21
Gewinn 1846,726,95,21
erwies 1401,759,77,22
sich 1492,759,49,21
dabei 1554,759,68,22
die 1637,759,35,22
neueste 1686,765,95,16
Acquisition 1794,759,146,28
in 1400,794,23,20
der 1433,792,39,22
Person 1482,793,86,21
von 1576,801,48,13
Haus 1633,793,66,21
Hermann, 1709,793,126,26
der 1845,793,40,21
sich 1894,794,48,20
als 1400,827,33,21
Zauberkünstler 1458,827,196,21
unter 1678,832,69,16
dem 1772,827,53,21
Namen 1849,828,91,21
Swisasso 1402,861,108,21
vielseitig 1534,861,114,28
und 1670,862,48,20
wie 1742,862,41,20
ein 1807,862,35,20
«ganz 1868,869,73,20
Großer» 1402,895,104,21
bewährte. 1518,895,125,21
<EOS>
An 1429,929,36,21
der 1491,929,39,21
HauptoersammZung 1554,930,245,27
fand 1823,930,55,21
ein 1904,930,36,21
kräftiger 1400,964,111,27
Schub 1538,963,77,21
in 1641,964,23,20
der 1691,964,39,21
Vereinsleitung 1755,964,186,27
statt, 1400,1002,67,20
nicht 1488,997,66,22
als 1576,997,31,21
Folge 1629,997,69,27
einer 1720,997,61,22
Kabinetts- 1803,997,137,22
krise, 1399,1031,67,25
sondern 1485,1031,100,21
einfach 1602,1031,90,21
deshalb, 1711,1031,103,25
weil 1832,1031,50,21
der 1901,1031,39,21
Präsident 1400,1065,122,21
Dr. 1543,1065,40,20
<EOS>
Leugger 1594,1065,104,28
und 1718,1065,48,21
der 1788,1065,39,21
Aktuar 1848,1065,92,21
0. 1400,1099,26,21
<EOS>
Rutishauser 1438,1099,155,21
fanden, 1604,1099,94,25
es 1711,1107,22,13
sei 1745,1100,31,20
an 1789,1107,30,13
der 1830,1100,40,20
Zeit, 1882,1100,58,24
daß 1400,1133,44,21
auch 1468,1133,59,21
andere 1550,1133,84,21
ein 1657,1134,36,20
Anrecht 1715,1133,104,21
auf 1842,1133,41,21
die 1903,1134,37,21
Würde 1399,1167,87,21
und 1499,1167,49,21
Freuden 1562,1167,105,21
von 1681,1174,48,14
Vereinschargen 1742,1167,197,28
hätten, 1399,1201,90,24
und 1500,1201,49,21
daß 1563,1201,45,21
neue 1621,1209,59,13
Gesichter 1693,1201,119,22
dem 1824,1201,52,22
wei- 1887,1201,51,22
tern 1399,1240,52,16
Gedeihen 1466,1235,117,21
des 1596,1235,39,21
Vereins 1648,1235,94,21
förderlich 1754,1235,124,21
sein 1891,1236,46,20
dürften. 1400,1268,100,21
<EOS>
Das 1513,1269,47,20
nicht 1570,1269,65,20
aufgenötigte 1646,1268,158,28
und 1814,1269,49,21
nicht 1873,1269,65,21
gesuchte 1399,1303,109,27
Präsidium 1523,1303,131,20
übernahm 1667,1303,130,21
mit 1811,1304,42,19
sieht- 1868,1303,68,21
licher 1399,1337,70,21
Rührung 1504,1337,114,27
Herr 1654,1337,58,21
Theo 1750,1337,58,21
Steiner, 1844,1337,93,25
Frauenfeld, 1400,1370,146,25
ruhig 1561,1371,68,27
gefaßt 1644,1371,80,27
auf 1740,1371,41,21
alles 1795,1371,54,21
Kom- 1865,1371,72,21
mende. 1399,1405,89,21
<EOS>
Vom 1505,1405,60,21
Vorgänger 1580,1405,133,27
war 1728,1412,47,13
er 1790,1412,23,14
ja 1826,1405,25,27
schon 1867,1405,71,21
in 1398,1439,24,21
einigen 1435,1438,89,28
Aussprachen 1536,1438,162,28
«unter 1714,1444,82,16
Männern» 1808,1438,129,22
präpariert 1398,1473,130,26
worden. 1544,1472,100,22
<EOS>
Die 1663,1472,42,22
weitern 1722,1473,95,21
Chargen 1834,1472,102,27
verteilen 1398,1506,112,21
sich 1530,1506,48,21
nun 1598,1514,48,13
wie 1666,1507,42,20
folgt 1727,1506,59,27
: 1792,1514,5,13
Gottfried 1820,1506,117,21
Brauchli, 1399,1540,117,25
Kassier, 1530,1540,102,25
Max 1644,1540,56,20
Eggmann, 1713,1540,130,28
Sekre- 1859,1540,79,21
tär, 1398,1576,45,23
Beisitzer: 1473,1574,121,21
August 1625,1574,91,27
Burgermeister, 1747,1574,191,27
August 1398,1608,91,27
Hungerbühler, 1510,1608,188,27
Hans 1719,1608,65,21
Kesselring 1806,1608,132,28
(neu), 1399,1642,72,28
Max 1482,1642,55,21
König, 1549,1642,84,27
und 1644,1642,48,21
Otto 1704,1642,57,21
Müller 1772,1642,82,21
(neu). 1865,1642,71,28
<EOS>
Nach 1427,1676,68,21
den 1519,1676,45,21
statutarischen 1588,1676,182,21
Geschäften 1797,1676,140,21
referierte 1397,1709,117,22
P. 1528,1709,25,22
<EOS>
Bühler, 1568,1709,93,25
Chefkartograph, 1677,1709,207,28
an- 1899,1717,38,13
hand 1398,1743,63,21
von 1477,1751,48,13
ausgehängten 1543,1743,173,27
Beispielen 1734,1743,130,27
über 1880,1743,57,21
die 1399,1777,35,21
Vorzüge 1460,1777,105,27
und 1589,1777,49,21
Fortschritte 1665,1777,153,21
unseres 1844,1785,93,13
neuesten 1397,1816,113,16
Kartenwerkes 1533,1811,178,21
der 1736,1811,39,21
eidgenössi- 1799,1811,137,27
sehen 1398,1845,69,21
Landestopographie 1492,1845,245,27
im 1761,1846,32,19
Vergleich 1817,1845,120,27
zur 1398,1887,40,13
alten 1449,1879,63,21
Siegfriedkarte. 1526,1879,185,27
<EOS>
Im 1428,1913,37,21
Frühjahr 1473,1913,116,27
wurde 1598,1913,78,21
bei 1684,1913,37,21
einem 1730,1913,74,21
Sonntags- 1812,1913,124,27
bummel 1397,1946,103,22
den 1513,1946,45,22
Kindern 1571,1946,105,22
die 1689,1946,36,22
Gelegenheit 1740,1946,149,28
ge- 1901,1954,36,20
boten, 1397,1980,80,25
die 1493,1980,35,22
Kunststücke 1544,1980,162,22
von 1721,1988,47,14
Swisasso 1785,1980,108,22
zu 1909,1988,28,14
bestaunen. 1397,2014,136,21
<EOS>
Lgg. 1881,2014,55,28
<EOS>
<EOP>
Thurgauerverein 1497,2152,256,34
Genf 1769,2152,73,25
Der 1427,2239,46,22
heutige 1488,2239,93,28
Bericht 1597,2239,95,21
wird 1707,2239,56,21
keinen 1779,2239,84,22
allzu 1879,2239,58,21
großen 1397,2273,86,28
Raum 1503,2273,77,21
benötigen, 1597,2273,133,27
denn 1749,2273,61,21
die 1829,2273,35,21
Ver- 1883,2273,54,21
einstätigkeit 1397,2307,159,27
im 1574,2307,32,20
verflossenen 1625,2306,155,22
Jahre 1801,2307,71,23
war 1891,2315,47,12
eher 1397,2341,52,21
ruhig. 1461,2341,73,27
<EOS>
Als 1426,2375,40,20
erste 1477,2379,60,16
Begebenheit 1548,2374,157,27
sei 1716,2375,32,20
hier 1759,2374,48,21
das 1819,2374,40,21
letzt- 1869,2374,67,21
jährige 1394,2409,90,27
Jaß-Championnat 1497,2408,230,27
erwähnt, 1738,2408,112,24
das 1862,2408,40,21
in 1913,2409,23,19
allen 1397,2442,57,21
Teilen 1469,2442,78,21
als 1565,2442,32,21
wohlgelungen 1612,2442,175,27
betrachtet 1803,2442,134,21
werden 1396,2476,92,21
darf. 1501,2476,58,21
<EOS>
Die 1573,2476,42,21
Siegespaline 1631,2475,153,28
ist 1797,2476,30,20
diesmal 1840,2476,95,21
einer 1397,2510,61,21
auswärtigen 1477,2510,154,27
Equipe 1650,2510,90,27
zugekommen. 1759,2510,176,27
<EOS>
Mit 1396,2544,43,21
einem 1459,2544,73,21
vorzüglichen 1550,2543,164,27
Nachtessen, 1733,2543,153,25
im 1903,2543,32,21
Lokal 1398,2578,72,20
serviert, 1497,2578,103,23
in 1627,2578,23,20
Begleitung 1679,2577,137,27
unserer 1842,2585,94,13
Damen 1398,2612,90,20
und 1508,2611,48,20
anschließender 1578,2610,189,21
Preisvertei- 1788,2610,147,21
<EOS>
<EOP>
49 1038,2749,34,26
<EOS>
<EOP>
