2116,2962
dem 191,168,52,20
Studium 263,167,109,22
der 391,168,39,21
Medizin. 449,168,106,21
<EOS>
Eine 575,168,57,22
ausge- 651,176,78,20
sprochene 191,202,125,27
Neigung 334,202,105,27
hatte 456,202,66,21
ihn 538,202,40,21
auf 596,202,42,21
diesen 653,202,78,22
Weg 191,235,55,27
geführt, 257,235,99,27
und 367,236,49,21
er 425,244,23,13
fand 457,236,56,21
seinen 523,236,78,21
Abschluß 610,236,120,21
in 190,270,24,20
einem 227,270,74,21
mit 315,270,43,20
großem 372,270,94,27
Erfolg 479,270,79,28
bestandenen 571,271,160,21
Staatsexamen 192,303,178,22
und 384,304,49,21
in 445,304,25,20
der 484,304,39,21
Verleihung 537,304,139,27
der 691,305,40,20
Würde 191,338,85,20
eines 295,338,61,21
Doktors 379,338,99,21
der 499,338,39,21
Medizin. 557,339,106,20
<EOS>
Vor 683,339,48,20
dem 191,371,52,22
Abschluß 261,372,119,21
des 400,372,39,21
Studiums 460,372,119,21
und 597,373,48,20
sogar 665,380,66,20
noch 190,406,59,21
während 263,406,110,21
des 388,406,39,21
Staatsexamens 443,406,189,22
war 646,414,47,13
er 708,414,23,14
Assistent 190,439,116,22
bei 322,440,36,21
Dr. 374,440,40,21
<EOS>
Wunderli 425,439,119,22
in 560,441,23,20
Wetzikon, 599,440,131,25
dem 191,474,51,21
er 257,482,22,12
sich 292,474,48,20
zeitlebens 353,473,123,22
dankbar 490,474,105,21
zeigte 609,475,72,26
für 693,474,37,21
die 191,508,35,21
wertvolle 244,507,118,22
Ausbildung. 378,508,154,27
<EOS>
Aus 550,508,48,21
finanziel- 615,508,114,21
len 190,542,36,21
Gründen 241,542,111,21
hatte 365,542,66,21
sich 445,542,48,21
Dr. 505,543,40,20
<EOS>
Robert 557,543,89,20
Wild- 659,542,71,21
bolz 190,576,51,21
als 258,576,32,21
Student 306,576,101,21
nicht 423,576,66,21
an 505,584,30,13
eine 552,577,49,20
ausländi- 615,576,115,21
sehe 191,610,52,21
Universität 260,610,146,21
begeben 425,610,102,28
können. 544,610,100,21
<EOS>
Diese 663,610,67,22
Lücke 190,644,77,21
füllte 280,643,66,22
er 360,652,23,13
dann 396,644,63,21
nach 472,644,60,21
dem 545,644,52,21
Abschluß 610,644,120,21
der 190,678,39,21
Examina 246,678,116,21
aus, 380,686,48,17
indem 445,678,79,21
er 542,686,23,13
sich 582,678,48,21
an 648,686,28,13
die 694,678,36,21
Sorbonne 191,712,119,21
begab. 333,712,81,27
<EOS>
Dort 438,712,59,21
wurde 519,712,78,21
ihm 618,712,49,21
das 689,712,41,21
Glück 192,746,74,21
zuteil, 283,746,77,24
unter 377,751,69,16
den 463,747,44,20
bekannten 524,746,135,21
Pro- 676,746,54,21
fessoren 190,781,100,20
Charcot 304,780,98,21
und 414,781,48,20
Pasteur 476,781,97,21
arbeiten 586,781,104,20
zu 703,788,27,13
können. 191,814,99,22
<EOS>
Noch 316,814,66,21
in 406,814,23,21
seinem 454,814,85,22
hohen 565,814,76,21
Alter 665,814,66,21
sprach 190,848,83,27
er 282,856,23,14
mit 313,848,43,21
sichtlicher 366,848,130,22
Hochachtung 503,848,172,27
von 683,856,48,13
diesen 190,883,78,20
großen 280,882,86,27
Männern 378,883,113,20
der 503,882,40,21
Wissenschaft. 555,882,174,21
<EOS>
In 191,917,27,20
die 229,917,35,20
Schweiz 277,916,101,21
zurückgekehrt, 389,916,191,27
nahm 590,916,72,21
er 674,924,23,13
in 705,916,26,21
der 190,951,39,21
Irrenheilanstalt 242,950,201,22
Préfargier 456,950,127,28
eine 596,951,50,20
Stelle 661,950,69,21
als 190,984,32,21
Assistent 233,985,116,21
an. 361,992,35,13
<EOS>
So 411,984,28,21
bezog 450,985,72,27
er 533,992,22,13
in 566,985,24,20
seine 600,985,61,21
Aus- 671,984,59,21
bildung 189,1019,95,27
als 297,1019,32,21
Arzt 340,1019,58,21
auch 411,1019,59,20
die 482,1019,35,21
Psychiatrie 530,1019,143,27
ein, 686,1019,43,24
was 189,1061,46,13
in 245,1053,23,21
seinem 279,1053,87,21
ganzen 376,1060,88,20
späteren 474,1055,108,25
Wirken 592,1052,95,22
als 698,1052,31,21
segensreiches 189,1087,167,27
Moment 385,1087,104,20
in 517,1087,25,20
Erscheinung 571,1086,158,27
trat. 191,1126,53,16
<EOS>
So 221,1155,28,21
vorbereitet 267,1155,141,21
und 425,1155,48,20
ausgerüstet, 492,1157,152,25
über- 662,1154,67,21
nahm 189,1189,71,20
Dr. 275,1189,39,20
<EOS>
Wildbolz 326,1189,114,20
1891 456,1189,55,21
in 527,1189,23,20
Amriswil 565,1188,114,21
die 693,1188,36,21
Praxis 190,1223,79,21
von 288,1230,47,14
Dr. 355,1223,40,21
<EOS>
Morf. 406,1223,66,21
<EOS>
Im 494,1223,35,20
gleichen 549,1223,102,27
Zeit- 670,1223,59,21
punkte 190,1257,88,27
verehelichte 300,1256,154,22
er 478,1264,22,14
sich 522,1256,49,22
mit 593,1256,43,21
Berta 659,1256,70,22
Grob, 191,1290,70,25
welche 273,1290,85,21
sich 370,1291,47,20
ebenfalls 430,1290,110,21
dem 553,1290,52,21
Studium 621,1290,107,21
der 189,1325,39,21
Medizin 244,1325,100,20
gewidmet 360,1324,123,28
hatte. 498,1325,74,20
<EOS>
Von 588,1324,52,21
seiner 656,1325,73,20
Gattin 191,1358,82,21
durch 279,1359,72,20
deren 358,1359,70,21
eigene 437,1359,77,27
ärztliche 523,1358,109,21
Kennt- 638,1358,90,21
nisse, 188,1394,68,23
durch 277,1393,73,20
Aufopferungsfähigkeit, 368,1392,295,28
Ge- 687,1392,41,21
duld 189,1427,56,21
und 253,1427,48,21
Güte 309,1427,61,21
in 378,1427,24,21
hohem 410,1427,84,21
Maße 500,1427,68,21
unterstützt, 577,1428,151,23
wirkte 189,1461,80,21
er 288,1468,23,14
als 330,1461,32,20
Land- 381,1461,75,21
und 474,1461,49,21
Hausarzt. 543,1461,123,21
<EOS>
Be- 686,1461,42,20
gnadet 188,1495,86,26
mit 284,1495,42,21
reichen 334,1494,93,22
ärztlichen 436,1494,124,22
Fähigkeiten, 568,1494,160,27
erfüllt 189,1528,77,21
mit 277,1529,43,20
immer 329,1529,82,20
neuer 422,1536,70,13
Freude 503,1528,88,21
an 603,1536,29,13
seinem 643,1528,85,21
Berufe 191,1562,82,21
und 283,1562,49,21
ausgerüstet 344,1565,145,25
mit 500,1563,43,20
nie 554,1563,36,20
versiegen- 600,1563,128,26
der 189,1597,39,21
Arbeitskraft, 243,1596,165,25
schuf 424,1596,69,21
er 507,1604,22,13
sich 545,1596,49,21
in 607,1597,25,20
kurzer 647,1596,82,21
Zeit 189,1631,49,21
eine 248,1631,49,21
ausgedehnte 307,1630,157,28
Praxis, 474,1631,89,23
die 574,1630,36,21
von 619,1637,46,14
dem 676,1630,52,21
beliebten 188,1665,116,21
Arzte 317,1665,69,20
sehr 399,1665,51,20
viel 461,1664,46,22
forderte. 519,1664,108,21
<EOS>
Um 218,1698,46,21
so 280,1706,25,14
erstaunlicher 322,1698,165,22
ist 501,1698,31,21
es, 549,1706,30,17
daß 596,1698,45,21
er 658,1706,23,13
im 696,1698,32,21
Laufe 189,1732,72,21
der 284,1732,39,21
Jahrzehnte 349,1732,141,23
auch 514,1732,59,21
noch 596,1732,59,21
eine 679,1733,49,20
Reihe 189,1766,72,21
von 275,1774,47,13
öffentlichen 337,1766,149,21
Amtern 499,1766,98,21
bekleidet 611,1765,116,21
hat. 187,1800,49,21
<EOS>
Unter 250,1800,74,21
ihnen 336,1800,70,21
seien 419,1800,61,21
genannt: 493,1804,113,23
das 620,1800,40,20
Prä- 674,1800,53,20
sidium 188,1834,84,21
der 286,1834,40,21
Sekundarschulvorsteherschaft 341,1833,386,22
Amriswil, 187,1868,123,24
welches 326,1868,95,21
er 437,1875,23,14
während 474,1868,109,21
Jahrzehn- 600,1868,127,23
ten 187,1907,40,16
mit 238,1902,43,20
Überlegenheit 293,1898,179,31
betreute, 482,1902,114,24
und 607,1902,48,20
seine 666,1902,61,21
Tätigkeit 188,1935,118,28
als 316,1935,31,22
Mitglied 357,1935,105,28
der 472,1935,39,22
Ortskommission 522,1935,205,22
Amriswil. 187,1969,121,22
<EOS>
Auch 322,1969,67,22
sei 401,1969,31,22
in 444,1970,23,20
diesem 480,1969,86,22
Zusammen- 579,1969,148,22
hange 187,2004,75,27
die 273,2003,36,21
Gründung 323,2003,128,27
und 462,2003,49,21
langjährige 522,2003,143,27
prä- 676,2006,50,24
sidiale 188,2037,79,21
Leitung 281,2037,99,27
der 395,2037,39,21
Tuberkulosenfürsorge 448,2037,278,27
Amriswil 187,2071,115,21
und 321,2071,48,21
des 390,2071,38,21
Krankenpflegevereins 450,2071,276,27
Amriswil 187,2105,115,21
erwähnt, 315,2105,111,24
womit 439,2106,79,19
er 531,2112,23,14
zwei 566,2105,55,21
äußerst 634,2104,94,22
segensreiche 187,2139,155,28
Institutionen 360,2139,168,21
schuf 545,2139,69,20
und 627,2139,49,20
bis 692,2139,34,20
vor 187,2181,42,13
wenigen 240,2173,103,27
Jahren 356,2173,88,22
maßgebend 455,2172,146,28
betreute. 612,2173,114,20
<EOS>
In 188,2207,27,21
Anerkennung 227,2206,172,28
dieser 411,2206,73,22
Verdienste 495,2206,137,22
und 643,2206,48,21
in 703,2206,24,21
Würdigung 187,2241,144,27
seiner 340,2241,73,20
einflußreichen 423,2239,179,22
und 610,2240,49,21
stets 669,2245,57,16
auf 188,2275,41,21
Grund 250,2275,79,21
selbständigen 351,2274,171,27
Urteilens 543,2274,115,21
und 678,2274,48,21
einer 188,2310,61,20
eigenen 260,2310,94,26
Meinung 365,2309,109,26
erfolgten 485,2308,112,27
Mitarbeit 608,2308,119,20
in 187,2344,24,20
andern 225,2343,87,21
Kommissionen 327,2343,187,20
verlieh 527,2342,87,21
ihm 627,2342,49,20
die 691,2342,35,20
Gemeinde 190,2377,124,21
Amriswil 324,2376,115,21
am 449,2383,37,13
22. 497,2377,34,19
<EOS>
April 543,2376,65,27
1937 620,2376,55,21
das 686,2376,40,20
Ehrenbürgerrecht. 187,2410,235,27
<EOS>
Dr. 435,2410,39,20
<EOS>
Wildbolz 485,2409,115,21
starb 612,2409,64,21
am 688,2416,38,13
19. 190,2445,32,21
<EOS>
April 233,2444,65,27
1954. 313,2444,60,21
<EOS>
Heinrich 218,2478,110,21
Aebli 340,2477,66,22
sagte 417,2482,65,22
von 494,2485,45,13
ihm: 551,2477,59,21
«In 626,2477,41,20
die- 681,2477,45,21
sem 187,2520,48,13
Leben 251,2512,78,20
war 345,2519,45,13
der 406,2511,40,21
ärztliche 462,2510,108,21
Helferwille 588,2510,138,21
le 186,2546,21,21
feu 220,2546,39,21
sacré, 274,2548,71,22
in 359,2545,23,20
einer 398,2545,60,20
einzigartigen 473,2544,163,27
Weise 650,2543,75,22
verbunden 186,2579,137,22
mit 337,2579,42,20
einem 395,2579,73,20
machtvollen 482,2577,157,21
medi- 654,2577,71,21
zinischen 187,2614,116,21
Wissen 312,2613,88,21
und 408,2612,48,21
einer 466,2613,61,20
seltenen 535,2612,103,21
Kunst 647,2612,79,20
<EOS>
<EOP>
des 800,168,39,21
Umganges 854,168,132,27
mit 1002,168,43,20
Menschen. 1059,167,131,21
<EOS>
Die 1207,167,43,21
Natur 1265,167,76,21
hatte 799,202,66,21
ihn 881,202,40,21
mit 937,202,43,20
außergewöhnlichen 997,201,244,28
Fähig- 1258,202,82,27
keiten 799,236,78,21
ausgestattet, 895,240,163,22
vor 1076,243,42,13
allem 1135,235,67,22
mit 1219,235,43,21
einer 1279,235,61,22
schnellen 799,269,117,22
Auffassungsgabe, 930,269,222,27
einem 1168,269,75,21
durch- 1258,269,81,21
dringenden 800,304,142,27
Verstände, 960,303,138,25
der 1118,303,39,21
Wesentliches 1174,303,166,21
und 799,338,49,21
Unwesentliches 858,337,197,22
mühelos 1066,337,104,21
trennte, 1180,342,102,20
und 1292,338,47,20
einem 800,373,74,20
unfehlbaren 892,372,153,21
Gedächtnis, 1065,371,150,25
das 1234,372,40,20
ihm 1292,372,47,20
bis 799,406,35,21
ins 846,406,35,21
Alter 893,406,65,21
treu 971,411,52,16
blieb; 1035,406,72,24
auf 1121,406,41,20
Grund 1175,405,79,21
dieser 1268,406,72,21
Anlagen 799,439,104,28
schuf 920,439,69,22
er 1003,447,23,14
sich 1043,439,48,22
eine 1107,440,49,21
merkwürdige 1173,439,167,28
Ökonomie 798,470,129,24
in 945,474,24,20
der 987,473,40,21
Arbeitsmethode, 1045,473,211,25
näm- 1276,476,63,18
lieh 798,508,46,21
eine 860,508,49,21
streng 925,512,77,23
logische 1018,507,99,28
Einordnung 1133,506,151,29
des 1301,507,38,21
Wissens 800,543,101,20
in 915,543,25,20
sein 954,543,48,20
Gedächtnis 1019,542,142,21
ohne 1177,542,59,21
irgend- 1250,542,89,27
welche 799,576,85,22
Niederschriften, 905,576,205,24
unter 1130,580,69,17
Ausschei- 1219,576,120,21
dung 800,610,63,28
alles 879,610,53,21
überflüssigen 949,610,166,27
Stoffes, 1133,609,91,25
der 1242,610,39,21
nur 1296,617,44,14
Ballast 803,643,86,22
bedeutet 906,643,111,22
hätte. 1033,643,74,22
<EOS>
Auf 1124,643,49,22
diese 1188,643,61,22
Weise 1265,643,74,22
gewann 799,686,97,19
er 919,686,23,13
eine 966,678,49,21
Kraftreserve, 1039,677,169,25
die 1233,677,35,22
ihm 1291,677,48,22
später 799,715,78,24
ermöglichte, 898,711,157,28
den 1076,712,45,20
oft 1141,711,34,21
übergroßen 1195,711,144,28
Anforderungen, 799,746,200,27
die 1023,746,35,20
an 1081,754,31,12
einen 1134,746,65,21
Landarzt 1223,746,116,20
gestellt 799,780,92,28
werden, 908,780,100,24
zu 1026,787,28,13
genügen. 1071,781,111,26
<EOS>
Dazu 1201,780,66,20
kam 1284,780,55,20
schon 799,814,72,21
in 886,814,23,20
jungen 924,814,88,27
Jahren 1030,814,87,23
eine 1133,814,49,21
auffallende 1199,814,140,21
Ruhe, 800,848,75,25
Gelassenheit, 892,848,165,25
Selbstsicherheit; 1074,847,210,25
der 1300,848,39,21
junge 798,882,71,27
Doktor 882,882,91,21
ruhte 985,882,68,21
fest 1065,881,46,22
in 1122,882,24,21
sich 1159,881,48,22
selber; 1219,881,84,26
er 1317,889,22,14
war 799,924,47,12
eben 864,916,57,21
der, 938,915,44,26
welcher 1000,915,96,22
er 1113,924,23,12
seinem 1153,916,86,20
Wesen 1257,916,82,20
gemäß 799,949,82,28
war; 895,958,58,17
philosophische 967,950,184,27
Theorien 1165,950,113,21
und 1290,950,49,20
Spekulationen 801,984,182,27
lagen 1003,984,67,27
ihm 1091,984,48,20
fern 1159,983,51,22
und 1230,984,49,20
be- 1300,984,38,21
unruhigten 798,1018,142,27
ihn 950,1018,41,21
nicht; 1001,1018,75,24
er 1088,1025,23,14
sah 1122,1018,40,21
sich 1173,1018,49,21
selber 1232,1018,73,21
in 1315,1018,24,20
den 799,1052,44,22
großen 859,1052,87,28
Zusammenhang 962,1052,200,28
der 1179,1052,39,21
Erschei- 1234,1052,104,21
nungswelt 798,1085,131,28
hineingestellt, 941,1085,179,28
und 1135,1086,48,21
das 1197,1086,41,21
Leben, 1252,1085,86,26
Werden 798,1121,100,20
und 912,1121,49,20
Vergehen 975,1120,119,28
betrachtete 1107,1120,147,21
er 1269,1128,23,13
als 1306,1120,33,21
den 799,1154,44,21
Ablauf 854,1154,89,21
eines 953,1154,60,21
natürlichen 1024,1154,147,21
Geschehens, 1184,1153,154,26
aus 799,1196,41,13
dem 854,1188,53,21
er 922,1195,23,14
das 959,1188,41,21
hohe 1013,1188,61,21
Gebot 1091,1188,75,21
vernahm, 1180,1188,120,24
in 1314,1189,25,19
ständiger 798,1223,118,27
Bereitschaft 930,1222,155,22
den 1099,1222,44,21
kranken 1157,1222,105,21
Men- 1275,1222,62,21
sehen 798,1256,70,22
zu 882,1264,29,13
helfen. 925,1256,83,22
<EOS>
In 1024,1256,28,21
diesem 1068,1256,84,21
Manne 1168,1256,84,21
verei- 1266,1256,71,21
nigten 798,1290,80,27
sich 889,1290,48,21
Gaben 950,1289,80,22
des 1041,1289,39,22
Geistes 1095,1289,88,22
und 1193,1289,49,22
Kräfte 1254,1289,84,22
der 798,1324,40,21
Seele, 849,1324,70,25
die 929,1323,35,22
ihn 973,1324,40,21
zu 1022,1332,28,13
einem 1059,1324,74,21
Arzte 1141,1323,70,22
machten, 1220,1323,117,26
der 798,1359,40,21
das 854,1359,40,20
Mittelmaß 910,1358,133,21
bedeutend 1059,1358,132,21
überragte, 1207,1358,131,27
so 798,1400,24,13
daß 833,1392,46,21
er 890,1400,23,13
bald 923,1392,54,21
des 988,1392,39,21
höchsten 1037,1392,113,21
Ansehens 1160,1391,119,21
sich 1289,1391,49,21
erfreuen 798,1426,104,21
durfte. 924,1426,84,21
<EOS>
Die 1030,1426,44,21
Einfachheit 1095,1426,149,21
seines 1265,1426,72,21
Auftretens, 798,1460,143,24
die 960,1460,36,21
schlichte 1013,1460,111,21
und 1141,1460,49,21
natürliche 1207,1460,130,21
Art 798,1494,43,21
seiner 853,1494,72,21
Rede 938,1494,64,21
halfen 1013,1494,78,21
mit, 1103,1494,51,24
das 1167,1494,40,21
Zutrauen 1220,1494,117,21
der 798,1528,39,21
Hilfesuchenden 849,1527,197,22
zu 1057,1536,28,13
wecken. 1096,1527,100,22
<EOS>
Begabung, 828,1562,135,27
Charakter 975,1561,127,21
und 1113,1561,48,21
Leistung 1173,1561,111,27
bil- 1295,1561,41,21
den 798,1596,44,21
in 860,1596,24,20
diesem 904,1596,85,21
Manne 1008,1596,85,20
eine 1113,1596,49,20
wundervolle 1181,1595,155,21
Einheit. 798,1630,100,21
<EOS>
Die 925,1630,42,21
Forderungen 992,1629,164,28
des 1180,1629,39,22
wahren 1244,1629,93,21
Idealismus 798,1664,136,21
hat 951,1664,42,21
neulich 1009,1664,92,21
ein 1118,1665,36,20
Schriftsteller 1173,1663,164,22
in 796,1698,24,20
folgender 832,1698,118,27
Weise 963,1698,73,21
gekennzeichnet: 1049,1698,206,27
Sorg- 1271,1697,65,28
fältiges 796,1731,91,28
Beobachten 908,1731,150,22
der 1079,1731,39,22
Erscheinungen, 1139,1731,196,28
sicheres 797,1765,97,21
Wissen, 916,1765,97,25
unermüdliche 1034,1765,174,21
Arbeit.» 1229,1765,107,21
<EOS>
Im 798,1799,35,20
Sinne 845,1799,69,21
dieser 924,1799,73,21
Gedanken 1008,1799,127,21
hat 1144,1799,41,21
Dr. 1195,1799,40,21
<EOS>
Robert 1247,1799,89,21
Wildbolz 797,1833,113,21
sein 926,1834,48,20
Leben 990,1833,78,21
gelebt 1083,1833,76,28
und 1173,1833,49,21
uns 1237,1841,43,13
da- 1297,1833,38,20
durch 797,1867,73,21
ein 881,1868,36,20
eindrucksvolles 929,1867,193,21
Bild 1135,1867,52,21
seiner 1199,1868,73,21
Per- 1284,1867,51,21
sönlichkeit 797,1901,136,21
hinterlassen. 944,1901,158,22
<EOS>
<EOP>
Pfarrer 1449,166,110,26
Wilhelm 1571,168,130,24
Meyer-Zeller 1715,168,197,34
Wilhelm 1440,235,108,22
Meyer 1561,236,79,27
wurde 1654,236,78,21
am 1747,245,38,12
19. 1801,237,34,20
<EOS>
Oktober 1847,236,104,21
1870 1411,270,56,21
in 1494,271,24,20
St. 1546,270,33,21
<EOS>
Gallen 1596,270,80,21
als 1703,270,33,21
Sohn 1761,270,63,22
des 1847,270,39,22
Jo- 1910,271,40,23
hann 1409,304,63,20
Kaspar 1487,304,91,27
Meyer 1592,304,78,27
von 1683,312,47,13
Thal-Huben 1743,304,157,21
bei 1913,305,37,20
Frauenfeld 1411,337,137,22
und 1559,338,48,21
der 1618,338,40,21
Elisabeth 1668,338,120,21
Gnehm 1802,338,90,21
von 1903,346,47,13
Stein 1412,371,64,22
a. 1494,379,20,14
<EOS>
Rhein 1526,372,75,21
geboren. 1619,372,106,27
<EOS>
Er 1744,373,31,20
stammt 1793,377,98,16
aus 1909,380,41,13
einer 1410,406,61,21
kinderreichen 1480,406,174,21
Familie. 1663,406,103,22
<EOS>
Von 1776,406,52,21
den 1838,406,44,22
vier- 1891,406,58,22
zehn 1410,439,57,22
Kindern 1481,439,105,22
(elf 1599,439,41,28
Knaben 1651,440,100,21
und 1763,440,48,21
drei 1825,440,48,21
Mäd- 1885,440,64,21
chen) 1411,474,66,27
starben 1489,474,94,21
vier 1594,475,49,20
Knaben 1655,474,101,21
und 1767,474,47,21
ein 1827,475,37,20
Mäd- 1885,475,65,20
chen 1410,507,56,21
im 1480,508,32,20
zarten 1527,512,78,17
Kindesalter, 1620,508,156,25
so 1791,516,23,13
daß 1830,508,45,21
noch 1889,508,60,21
sieben 1410,542,77,21
Knaben 1499,542,100,21
und 1609,542,48,21
zwei 1669,542,54,21
Mädchen 1734,542,114,21
am 1859,549,38,14
Le- 1908,543,40,20
ben 1409,576,45,21
blieben. 1465,576,98,21
<EOS>
Da 1576,576,36,20
der 1624,576,40,21
Großvater 1677,576,131,21
als 1819,576,32,21
Staub- 1865,576,83,21
drucker 1410,610,97,21
(Lithograph) 1521,610,163,28
in 1698,610,24,21
St. 1738,610,33,21
<EOS>
Gallen 1785,610,80,21
lebte, 1879,610,69,24
war 1409,652,46,13
auch 1467,643,60,22
sein 1538,644,47,21
Vater, 1595,643,80,25
der 1687,643,39,22
eine 1738,644,49,21
bescheidene 1797,643,151,22
Anstellung 1409,677,137,28
bei 1576,678,37,21
der 1643,677,39,22
Feuerversicherung 1712,677,236,28
«Helvetia» 1411,712,141,21
innehatte, 1571,712,130,25
zeitlebens 1722,712,123,21
in 1865,713,25,20
der 1910,712,40,21
Gallusstadt. 1411,746,153,21
<EOS>
In 1594,746,28,20
St. 1654,746,33,21
<EOS>
Gallen 1700,746,81,21
absolvierte 1811,746,138,21
Wilhelm 1409,780,107,21
Meyer 1525,780,78,27
die 1612,780,35,21
Primarschule, 1657,780,176,24
die 1839,780,36,21
Real- 1882,780,66,21
schule 1409,814,77,21
und 1497,814,47,21
das 1556,814,41,21
Gymnasium. 1611,814,160,27
<EOS>
Zwei 1784,814,60,21
Lehrer- 1854,814,94,21
persönlichkeiten 1409,848,208,27
hatten 1637,848,83,21
hier 1740,848,49,21
mitbestim- 1809,848,139,21
inend 1408,881,69,22
für 1490,881,37,22
sein 1541,882,47,21
ganzes 1602,889,82,20
Leben 1698,881,77,22
gewirkt: 1788,881,106,27
der 1909,881,40,22
Lehrer 1409,916,84,20
Johannes 1509,915,118,24
Kaufmann, 1642,915,144,25
mit 1802,916,42,20
dem 1858,915,54,21
er 1926,924,23,12
bis 1408,950,35,20
an 1453,958,29,12
dessen 1493,950,80,21
Lebensende 1583,949,148,22
verbunden 1741,949,136,22
blieb 1887,950,60,20
und 1408,984,47,20
der 1467,984,39,21
Historiker 1517,984,130,21
Johannes 1659,984,119,23
Dierauer 1789,984,111,21
am 1910,991,38,13
Gymnasium, 1411,1018,160,27
der 1582,1018,39,21
ihn 1630,1018,40,20
für 1679,1018,37,20
die 1726,1018,35,21
Geschichte 1773,1017,137,22
zu 1920,1025,27,14
begeistern 1407,1052,130,27
verstand. 1549,1052,118,21
<EOS>
Im 1681,1052,36,20
Gymnasium, 1732,1052,161,27
das 1907,1052,40,21
er 1408,1094,23,13
während 1461,1085,110,22
sieben 1601,1085,77,22
Jahren 1710,1085,88,23
besuchte, 1828,1085,118,25
wählte 1408,1119,84,21
er 1504,1128,23,12
die 1538,1119,36,21
humanistische 1585,1119,182,21
Richtung, 1780,1119,126,27
da 1918,1119,28,21
schon 1408,1154,70,20
früh 1494,1154,53,20
in 1561,1154,25,20
ihm 1600,1153,49,21
der 1665,1154,39,20
Entschluß 1720,1153,130,21
gereift 1866,1153,80,28
war, 1407,1195,54,17
Pfarrer 1477,1187,90,21
zu 1582,1195,28,13
werden. 1623,1187,99,22
<EOS>
Der 1738,1188,46,20
Konfirman- 1798,1187,148,21
denunterricht 1408,1222,175,21
bei 1605,1222,37,21
Dekan 1665,1222,83,21
C. 1770,1222,23,21
<EOS>
W. 1804,1222,36,20
<EOS>
Kambli 1852,1222,94,21
wurde 1407,1256,77,21
ihm 1494,1256,48,20
zu 1548,1263,28,13
einem 1582,1256,74,21
ersten, 1662,1260,84,20
fundamentalen 1754,1255,192,22
Erlebnis, 1407,1289,114,25
vertieft 1532,1289,95,22
durch 1637,1289,72,22
den 1721,1289,44,22
unerwarteten 1775,1294,171,17
Hinschied 1407,1323,127,22
des 1549,1323,38,22
Vaters, 1600,1323,92,25
dessen 1706,1323,81,22
Tod 1800,1323,50,21
gerade 1864,1323,82,27
ein 1407,1358,37,20
Jahr 1455,1357,57,23
vor 1521,1366,42,12
Beginn 1572,1357,90,27
dieses 1671,1357,72,21
Unterrichts 1753,1357,147,21
die 1910,1357,36,21
Familie 1407,1391,95,21
betroffen 1511,1391,115,21
hatte. 1634,1391,74,21
<EOS>
Sein 1720,1390,52,22
früher 1779,1391,79,21
Heim- 1869,1391,77,21
gang 1406,1433,60,20
ließ 1483,1425,45,21
dem 1548,1426,52,20
Sohn 1621,1425,62,21
— 1700,1438,15,1
wie 1733,1426,41,20
er 1793,1433,23,13
selbst 1834,1425,71,21
in 1923,1426,23,19
seinen 1406,1460,78,21
Lebensaufzeichnungen 1507,1459,290,28
schrieb 1820,1459,89,21
- 1932,1471,14,2
<EOS>
<EOP>
die 1407,1494,35,21
ganze 1453,1501,70,20
Welt 1534,1493,62,21
in 1604,1494,25,20
einem 1639,1494,75,20
andern 1725,1493,87,21
Lichte 1822,1493,80,21
er- 1913,1500,33,14
scheinen, 1406,1527,115,25
und 1537,1527,48,21
die 1601,1527,35,21
Todesgedanken 1651,1527,197,27
hatten 1864,1527,82,21
ihn 1405,1561,41,21
seither 1459,1561,84,21
nie 1554,1561,37,21
mehr 1604,1560,65,22
verlassen 1681,1560,116,22
und 1809,1560,49,21
ihn 1870,1560,40,22
in 1922,1560,24,21
seinem 1405,1595,87,21
Willen, 1502,1595,90,25
Theologie 1602,1594,123,28
zu 1735,1603,28,12
studieren, 1772,1594,125,25
be- 1908,1594,37,21
stärkt. 1406,1630,82,20
<EOS>
Der 1505,1630,45,20
Schlag, 1567,1629,90,27
den 1672,1629,44,21
der 1731,1629,39,21
Tod 1784,1629,49,20
des 1848,1628,39,21
Va- 1901,1628,45,21
ters 1405,1668,46,16
1886 1466,1663,56,21
der 1537,1663,39,21
Familie 1589,1662,96,21
versetzte, 1698,1667,122,20
war 1834,1670,46,13
sehr 1894,1662,52,21
hart. 1405,1697,60,21
<EOS>
Die 1478,1697,43,21
Mutter 1532,1697,88,21
mußte 1630,1696,81,21
sich 1722,1696,48,21
mit 1781,1697,43,19
einer 1836,1697,61,20
be- 1907,1696,37,21
scheidenen 1405,1731,138,21
jährlichen 1556,1731,130,27
Pension 1701,1730,98,21
begnügen. 1814,1730,128,27
<EOS>
Nur 1405,1764,50,22
dem 1466,1764,52,22
großen 1529,1764,86,28
und 1625,1764,48,21
tatkräftigen 1684,1764,153,27
Einsatz 1849,1764,95,21
des 1406,1799,38,21
älteren 1457,1798,86,22
Bruders 1554,1798,100,21
Adolf, 1665,1798,77,25
der 1754,1798,40,21
heute 1804,1798,70,21
noch 1884,1797,61,22
im 1405,1834,32,19
hohen 1448,1833,76,20
Alter 1536,1832,64,21
von 1611,1840,47,13
91 1670,1833,25,20
Jahren 1710,1832,87,23
in 1808,1832,23,21
St. 1846,1831,32,22
<EOS>
Gal- 1892,1831,51,22
len 1404,1866,37,21
lebt, 1450,1866,56,25
war 1517,1874,46,13
es 1573,1874,22,13
zu 1606,1874,28,12
verdanken, 1643,1865,142,25
daß 1796,1864,45,22
die 1852,1864,35,22
von 1897,1873,47,13
materiellen 1405,1901,143,21
Sorgen 1563,1900,85,27
schwer 1661,1900,87,21
betroffene 1760,1899,127,22
Fa- 1901,1899,42,21
milie 1405,1935,61,21
weiterhin 1478,1935,119,21
ihren 1609,1934,65,21
Ernährer 1687,1934,116,21
fand. 1814,1932,63,22
<EOS>
Die- 1892,1934,51,20
sem 1405,1976,48,14
Bruder 1473,1969,89,20
verdankte 1582,1968,128,21
Wilhelm 1730,1967,108,22
Meyer, 1858,1967,87,27
daß 1405,2002,45,22
er 1461,2010,22,14
seinen 1489,2002,77,22
Gymnasiumsaufenthalt 1576,2001,298,28
trotz 1883,2006,61,16
den 1405,2036,44,21
erwähnten 1466,2036,134,21
Umständen 1617,2035,148,22
weiterführen 1781,2035,164,22
konnte. 1404,2071,95,20
<EOS>
Er 1517,2070,32,20
ermöglichte 1565,2069,149,28
ihm 1731,2069,48,21
auch 1797,2069,58,21
durch 1872,2068,73,22
sein 1405,2105,47,20
großes 1467,2104,81,27
Opfer 1564,2103,71,28
das 1651,2103,40,21
Theologiestudium. 1707,2103,235,27
<EOS>
Dafür 1405,2137,74,22
war 1491,2145,47,13
ihm 1549,2138,49,20
Wilhelm 1610,2137,107,21
Meyer 1730,2137,78,27
zeitlebens 1820,2136,124,22
dankbar. 1405,2172,111,21
<EOS>
Es 1529,2172,31,20
war 1571,2179,46,13
ihm 1626,2172,50,20
sogar 1687,2178,66,21
vergönnt, 1762,2173,123,25
sich 1897,2170,47,21
der 1405,2206,39,21
St. 1456,2206,33,21
<EOS>
Gallischen 1503,2205,130,21
Sektion 1645,2205,96,21
der 1752,2205,39,21
Studenten- 1803,2204,141,22
Vereinigung 1403,2239,149,28
«Zofingia» 1565,2239,133,27
anzuschließen. 1710,2238,184,21
<EOS>
Im 1907,2238,36,20
Frühjahr 1405,2273,115,27
1890 1532,2274,55,20
bezog 1598,2273,70,27
Wilhelm 1679,2272,107,22
Meyer 1796,2272,79,28
nach 1884,2272,60,22
Absolvierung 1404,2306,169,28
des 1589,2306,39,21
Maturitätsexamens 1644,2306,247,21
die 1908,2306,36,21
Alma 1404,2341,68,20
mater 1483,2345,74,17
Basilensis. 1567,2340,131,21
<EOS>
Dort 1709,2340,60,21
hörte 1779,2340,66,21
er 1857,2348,22,13
Pro- 1891,2340,52,21
fessoren 1404,2375,101,21
von 1521,2383,47,12
Weltruf 1584,2374,102,21
wie 1700,2374,42,21
Overbeck 1759,2373,120,22
und 1896,2373,47,21
Bernhard 1405,2408,120,21
Duhm. 1542,2409,86,20
<EOS>
Ganz 1648,2407,64,22
besonders 1729,2407,124,22
freute 1869,2407,74,21
er 1405,2450,23,14
sich 1439,2442,48,21
aber 1498,2443,54,20
über 1563,2442,56,21
die 1631,2442,34,21
kunstgeschichtlichen 1677,2441,266,28
Vorlesungen, 1404,2476,165,27
welche 1580,2475,85,22
er 1676,2483,22,13
während 1709,2475,109,21
sechs 1829,2474,63,22
Se- 1906,2474,36,21
mestern 1405,2515,100,16
bei 1535,2510,37,21
Jacob 1604,2510,72,22
Burkhardt 1708,2509,134,21
hören 1872,2509,72,21
durfte. 1405,2543,83,22
<EOS>
Nach 1503,2543,66,22
dem 1581,2543,52,22
Propedeutikum 1646,2543,197,27
folgten 1854,2542,88,28
ein 1405,2577,36,21
Semester 1453,2576,113,22
in 1576,2577,23,21
Lausanne 1610,2576,121,22
und 1741,2576,48,22
Zürich. 1800,2576,89,21
<EOS>
Die 1901,2576,42,21
Mutter 1405,2611,87,21
war 1499,2619,45,12
inzwischen 1553,2610,136,21
nach 1698,2610,60,21
Stein 1766,2609,64,22
a. 1836,2618,20,13
<EOS>
Rhein 1869,2609,75,22
<EOS>
<EOP>
45 1046,2749,34,24
<EOS>
<EOP>
