2116,2962
19. 150,169,41,26
<EOS>
In 213,168,33,26
Neukirch/Egnach 266,168,272,34
stirbt 557,168,84,25
im 660,168,38,25
80. 717,168,43,25
<EOS>
Lebensjahr 774,168,173,34
alt 965,167,40,25
<EOS>
<EOP>
Friedensrichter 213,207,236,25
Jakob 466,206,92,28
Jung. 576,206,84,34
<EOS>
26. 148,252,43,25
<EOS>
Das 213,251,56,26
Dorf 288,251,73,25
Buch 375,251,77,25
im 470,252,38,24
Egnach 527,251,116,34
feiert 659,251,80,25
sein 757,251,57,25
elfhundert- 831,250,173,25
<EOS>
<EOP>
jähriges 211,290,121,34
Bestehen. 350,290,148,24
<EOS>
27. 149,336,42,25
<EOS>
In 213,335,33,25
Engelswilen-Dotnacht 261,334,344,35
wird 618,334,69,25
das 701,334,48,25
neue 763,343,70,16
Schulhaus 850,333,155,26
<EOS>
<EOP>
eingeweiht. 213,373,174,33
<EOS>
Regierungsrat 410,373,217,33
Dr. 649,372,49,24
<EOS>
E. 711,372,33,24
<EOS>
Reiber 759,372,101,24
hält 881,371,60,25
die 963,371,43,25
Festansprache. 214,410,231,34
<EOS>
30. 150,456,42,25
<EOS>
Der 214,456,55,25
Große 287,455,90,25
Rat 394,456,56,24
widmet 465,456,114,24
sich 594,456,58,24
dem 666,455,64,25
Abkommen 745,455,178,24
über 938,455,69,24
<EOS>
<EOP>
die 214,494,43,24
Yogeljagd 273,493,154,34
am 445,503,44,14
Untersee. 507,493,144,25
<EOS>
Das 670,493,56,24
Abkommen 743,492,179,26
wird 938,492,68,25
in 213,532,27,23
der 259,531,48,24
Schlußabstimmung 328,530,298,35
mit 643,532,52,23
78 714,531,33,24
gegen 765,539,85,25
21 869,531,32,24
Stirn- 923,529,82,26
men 214,578,63,16
genehmigt. 294,568,169,35
<EOS>
<EOP>
Jith 151,704,61,28
1954 227,704,70,25
1. 174,781,19,23
<EOS>
Im 216,780,42,24
Kunstmuseum 275,779,226,25
St. 519,779,40,25
<EOS>
Gallen 575,779,97,25
wird 687,779,69,25
in 770,780,28,23
einer 814,780,74,24
großen 903,779,104,34
Ausstellung 215,817,180,34
das 411,817,48,25
Werk 476,817,83,25
des 573,817,48,25
Thurgauer 636,817,162,34
Malers 814,816,98,26
Hans 929,816,78,26
Brühlmann 220,855,171,25
(1878-1911) 406,854,182,34
gezeigt. 605,856,114,33
<EOS>
3. 170,901,24,24
<EOS>
Das 219,900,54,25
Napoleonmuseum 294,900,275,34
Arenenberg 592,900,176,34
zeigt 787,901,72,33
eine 879,901,59,24
sei- 958,899,49,26
<EOS>
<EOP>
tene 215,944,64,19
Sammlung 297,937,164,35
von 475,947,56,16
Miniaturen 548,936,168,27
und 732,937,57,26
Karikaturen. 807,937,200,25
<EOS>
4. 169,984,26,24
<EOS>
Die 217,983,50,25
thurgauische 294,983,198,35
Bauernschule 523,983,204,25
auf 755,983,51,25
Arenenberg 829,982,179,35
feiert 215,1021,80,25
ihr 323,1021,42,25
fünfzigjähriges 391,1021,228,34
Bestehen. 648,1021,148,25
<EOS>
Regierungs- 825,1020,183,34
Präsident 217,1058,144,34
H. 386,1058,35,25
<EOS>
Reutlinger 436,1057,164,36
hält 623,1058,60,25
die 707,1058,43,25
Jubiläums-An- 776,1057,231,28
spräche. 217,1096,124,34
<EOS>
4. 170,1141,26,25
<EOS>
In 218,1141,32,25
Einsiedeln 262,1140,160,27
stirbt 434,1141,83,26
F. 531,1141,29,25
<EOS>
Kolumban 576,1141,162,25
Artho 753,1141,87,25
im 853,1142,37,24
83. 903,1141,42,25
<EOS>
Le- 960,1140,48,26
bensjahr. 218,1179,140,34
<EOS>
Während 373,1179,141,25
vieler 527,1179,84,25
Jahre 627,1179,85,28
war 726,1189,56,15
er 795,1189,28,15
Statthalter 839,1179,169,25
auf 218,1217,50,24
Schloß 283,1216,101,26
Sonnenberg. 401,1217,189,34
<EOS>
5. 172,1262,24,25
<EOS>
Die 218,1262,50,25
katholische 282,1262,174,25
Kirchensynode 471,1262,231,34
wählt 715,1262,87,25
Pfarrer 816,1262,109,25
Mül- 940,1261,68,25
1er 217,1300,38,25
in 270,1300,28,24
Weinfelden 314,1300,174,25
zu 503,1310,33,14
ihrem 551,1300,88,24
neuen 654,1309,91,16
Präsidenten. 761,1300,193,24
<EOS>
7. 172,1345,24,25
<EOS>
In 218,1345,33,24
Ermatingen 277,1345,184,34
stirbt 486,1345,84,25
im 594,1346,38,24
Alter 658,1345,78,25
von 760,1354,57,16
65 842,1345,33,25
Jahren 903,1345,106,27
Fischhändler 219,1383,199,24
Georg 440,1382,89,34
Läubli. 549,1383,109,24
<EOS>
Er 678,1383,37,24
gehörte 736,1383,112,33
den 869,1382,53,25
Vor- 941,1382,67,25
ständen 218,1420,120,25
des 364,1420,46,25
thurgauischen 434,1420,220,35
Heimatschutzes 681,1420,244,25
und 951,1420,58,24
der 219,1458,47,25
Heimatvereinigung 283,1458,298,34
vom 595,1467,67,16
Untersee 677,1458,136,25
als 829,1457,39,26
Mitglied 884,1457,125,35
an. 219,1505,43,15
<EOS>
9. 174,1541,23,25
<EOS>
Am 218,1540,55,25
Bodensee 295,1540,143,25
besteht 461,1541,110,24
unmittelbare 594,1541,198,24
Hochwasser- 814,1540,195,25
gefahr. 220,1578,103,34
<EOS>
Der 342,1578,53,25
Untersee 410,1578,134,26
ist 559,1579,36,25
an 610,1588,35,15
einigen 660,1579,108,33
Orten 783,1577,87,27
über 884,1578,69,26
die 968,1578,42,25
Ufer 220,1615,67,26
getreten. 302,1622,134,28
<EOS>
12. 157,1661,41,25
<EOS>
In 220,1661,32,25
Kreuzlingen 279,1660,187,35
stirbt 490,1661,84,26
im 599,1662,38,24
Alter 661,1661,78,26
von 764,1670,56,16
78 845,1661,33,25
Jahren 906,1661,105,27
<EOS>
<EOP>
Schuhfabrikant 222,1698,239,26
Karl 478,1698,68,26
Graf, 563,1698,76,31
der 654,1698,49,26
als 717,1698,39,26
«Turnvater» 773,1698,196,26
in 983,1699,28,24
Gemeinde 223,1736,150,25
und 404,1737,58,24
Kanton 494,1737,116,24
den 643,1737,52,24
Turnbestrebungen 726,1737,285,33
wertvolle 219,1774,143,24
Dienste 378,1774,116,25
leistete. 509,1774,118,25
<EOS>
16. 162,1819,37,24
<EOS>
An 220,1819,44,24
den 284,1819,52,24
diesjährigen 356,1819,186,34
Steckborner 565,1819,185,25
Sommernachts- 772,1819,239,25
<EOS>
<EOP>
festspielen 220,1856,160,34
wird 393,1857,67,24
die 474,1857,42,24
Lehar-Operette 531,1856,237,35
«Das 783,1856,76,25
Land 873,1856,78,25
des 965,1856,47,25
Lächelns» 222,1894,155,25
aufgeführt. 392,1894,171,35
<EOS>
19. 163,1939,37,25
<EOS>
Die 222,1939,51,25
schweizerischen 293,1939,242,25
und 556,1939,58,25
japanischen 633,1940,184,34
Teilnehmer 838,1939,175,25
<EOS>
<EOP>
an 222,1986,35,16
den 278,1977,53,25
Kunstturnerweltmeisterschaften 353,1977,505,25
boten 878,1977,86,25
in 985,1978,28,24
Frauenfeld 223,2014,166,26
vor 397,2024,50,15
überfülltet 457,2014,165,26
Festhütte 631,2014,148,26
hervorragende 791,2014,222,34
Proben 223,2051,108,26
ihres 346,2051,71,26
Könnens. 433,2051,145,26
<EOS>
25. 158,2097,43,25
<EOS>
In 223,2096,33,25
der 284,2096,47,26
Gemeinde 362,2096,150,26
Holzhäusern 542,2097,193,25
wird 762,2097,69,25
ein 859,2098,43,24
neues 929,2107,84,15
<EOS>
<EOP>
Schulhaus 225,2134,155,25
eingeweiht. 403,2134,174,34
<EOS>
Regierungsrat 602,2134,216,34
Dr. 842,2134,48,25
<EOS>
E. 904,2134,32,25
<EOS>
Rei- 952,2134,61,25
ber 224,2172,47,24
hält 284,2172,60,24
die 358,2172,43,25
Festansprache. 417,2172,230,34
<EOS>
<EOP>
Mugust 1052,166,107,35
1954 1174,166,70,25
1. 1073,243,23,25
<EOS>
An 1117,241,44,26
der 1184,242,48,25
1. 1257,242,23,25
<EOS>
Augustfeier 1293,241,179,34
in 1494,242,29,24
Romanshorn 1548,240,198,26
hält 1769,240,60,26
eine 1852,241,60,25
<EOS>
<EOP>
Frau, 1118,280,83,31
nämlich 1215,279,124,26
Frau 1354,279,73,25
Rosa 1443,279,74,25
Seeger-Meyer 1535,277,207,36
aus 1756,288,49,15
Wein- 1819,279,92,25
felden, 1117,318,102,30
die 1235,317,43,25
Ansprache. 1294,317,172,34
<EOS>
8. 1072,364,24,24
<EOS>
Roggwil 1119,363,126,34
begeht 1263,363,102,34
mit 1384,363,52,25
einer 1455,363,73,25
Feier 1548,362,77,26
sein 1643,363,58,24
llOOjähriges 1721,362,191,34
<EOS>
<EOP>
Bestehen. 1119,400,149,26
<EOS>
Die 1303,400,52,26
Begrüßungsansprache 1389,400,342,34
hält 1764,400,61,24
Ge- 1862,399,50,25
meindeammann 1118,439,248,25
0. 1387,438,32,25
<EOS>
Gsell. 1435,438,83,25
<EOS>
Dr. 1539,438,49,24
<EOS>
Ernst 1602,438,86,25
Widmer 1708,438,125,25
ver- 1852,447,60,15
faßte 1118,476,78,25
die 1212,476,44,25
Jubiläumsschrift. 1275,476,270,28
<EOS>
14. 1056,522,41,25
<EOS>
In 1119,522,33,24
Ermatingen 1173,521,184,34
wird 1377,522,68,24
ein 1466,522,44,24
von 1529,531,57,15
Bildhauer 1607,521,152,24
Heinrich 1779,520,134,25
<EOS>
<EOP>
König 1119,559,94,35
in 1232,560,29,24
Genf 1284,559,75,25
geschaffener 1375,559,189,35
Brunnen 1584,559,135,24
eingeweiht. 1738,558,175,34
<EOS>
Die 1119,597,51,25
Ermatinger 1186,597,179,34
Maler 1379,595,87,26
August 1479,596,111,34
Herzog, 1606,596,119,34
Max 1740,594,68,27
Boller 1822,595,91,26
und 1118,634,59,26
Ernst 1195,634,86,26
Graf 1302,634,70,26
veranstalten 1387,634,193,26
im 1597,635,39,24
Singsaal 1656,633,126,35
der 1800,633,47,26
Se- 1869,633,44,26
kundarschule 1118,672,208,26
eine 1340,673,60,25
Gemäldeausstellung. 1416,671,318,34
<EOS>
19. 1057,718,41,25
<EOS>
In 1120,718,33,25
einem 1171,719,90,24
Stall 1282,717,69,26
in 1369,718,27,24
Ermatingen 1415,717,184,34
ist 1617,718,36,24
die 1671,717,44,25
Kaninchen- 1734,716,179,26
<EOS>
<EOP>
seuche 1119,755,100,26
ausgebrochen. 1232,755,217,34
<EOS>
Über 1463,751,75,29
die 1550,754,43,26
Kaninchenbestände 1607,754,306,26
von 1118,803,57,15
Ermatingen 1197,793,185,34
wurde 1402,792,95,26
die 1519,792,43,26
einfache 1584,792,126,26
Sperre 1735,792,97,34
ver- 1856,802,57,15
hängt. 1119,831,98,33
<EOS>
23. 1055,876,43,25
<EOS>
Die 1120,875,51,26
Thür 1186,876,77,25
führt 1277,875,78,26
Hochwasser. 1371,875,193,26
<EOS>
Sie 1582,875,44,25
tritt 1639,876,65,24
an 1720,885,34,15
mehreren 1770,875,143,25
<EOS>
<EOP>
Orten 1121,914,86,25
über 1224,914,69,25
die 1309,914,43,25
Ufer 1370,913,68,26
und 1455,914,55,24
überschwemmt 1527,913,237,25
das 1781,913,48,25
Vor- 1847,912,66,25
land. 1119,951,76,25
<EOS>
28. 1056,997,42,25
<EOS>
Mit 1120,997,51,25
einem 1186,997,90,25
Volksfest 1290,997,143,24
wird 1447,997,68,24
die 1530,996,42,25
neue 1587,1006,70,15
Thurbrücke 1671,995,183,26
bei 1869,996,44,24
<EOS>
<EOP>
Eschikofen 1120,1035,170,24
eingeweiht. 1311,1034,174,34
<EOS>
Regierungsrat 1508,1034,218,34
R. 1748,1033,33,25
<EOS>
Schüm- 1797,1033,115,25
perli 1120,1073,69,33
hält 1202,1072,60,25
die 1278,1072,43,25
Ansprache. 1335,1072,172,34
<EOS>
30. 1057,1118,41,25
<EOS>
Die 1120,1118,52,24
thurgauische 1183,1117,199,34
Schulsynode 1397,1117,192,34
tagt 1600,1123,63,28
in 1674,1118,29,23
Kreuzlingen. 1715,1117,198,34
<EOS>
<EOP>
Im 1122,1156,42,23
Mittelpunkt 1190,1155,187,34
der 1403,1155,47,24
Tagung 1476,1155,117,34
steht 1618,1155,76,24
der 1720,1154,48,25
Vortrag 1793,1154,120,34
«Geschichtliche 1123,1192,242,26
Bildung» 1397,1193,139,33
von 1564,1202,56,15
Prof. 1649,1192,74,25
<EOS>
Dr. 1737,1192,49,25
<EOS>
Werner 1799,1192,114,26
Näf 1121,1230,59,26
aus 1190,1240,49,16
Bern. 1254,1230,81,25
<EOS>
<EOP>
Sepüem&er 1057,1344,150,34
1954 1223,1344,68,24
5. 1076,1420,24,24
<EOS>
In 1122,1419,33,25
Frauenfeld 1177,1419,168,25
wird 1366,1419,67,25
bei 1455,1419,44,25
starkem 1520,1419,123,25
Aufmarsch 1667,1418,167,26
eine 1854,1419,59,25
<EOS>
<EOP>
Feier 1123,1457,77,26
zur 1211,1466,48,16
Erinnerung 1269,1456,177,35
an 1457,1466,36,16
den 1504,1456,53,26
Aktivdienst 1564,1456,183,26
1914-1918 1756,1456,158,26
durchgeführt. 1123,1494,211,35
<EOS>
Im 1352,1494,43,25
Mittelpunkt 1413,1494,187,34
der 1617,1494,48,26
Feier 1683,1494,78,25
steht 1778,1494,75,25
die 1871,1494,43,25
Ansprache 1122,1532,162,34
von 1301,1542,57,15
Regierungsrat 1377,1532,217,34
Dr. 1612,1532,49,25
<EOS>
Stähelin. 1677,1532,134,25
<EOS>
9. 1077,1578,24,26
<EOS>
Im 1124,1578,42,25
Alter 1185,1577,78,26
von 1282,1587,56,15
79 1358,1578,33,25
Jahren 1412,1577,107,28
stirbt 1538,1577,83,25
in 1641,1578,28,24
Frauenfeld 1689,1576,167,26
alt 1876,1576,38,26
<EOS>
<EOP>
Kantonsschullehrer 1124,1615,302,25
Dr. 1459,1615,47,25
<EOS>
Heinrich 1521,1615,133,25
Tanner 1687,1615,110,25
(siehe 1830,1614,84,35
Nachruf). 1124,1653,149,34
<EOS>
10. 1061,1699,41,24
<EOS>
Der 1124,1698,55,25
Große 1200,1698,90,25
Rat 1311,1698,56,25
behandelt 1385,1698,153,25
die 1556,1698,44,25
Besoldungsrevision 1620,1698,294,33
<EOS>
<EOP>
und 1123,1736,58,24
das 1194,1736,48,24
Armengesetz. 1255,1736,207,34
<EOS>
Die 1476,1736,51,24
Besoldungsrevision 1540,1736,296,34
wird 1847,1735,67,24
gutgeheißen 1124,1773,186,35
und 1332,1773,57,25
dafür 1413,1773,82,25
ein 1518,1774,43,23
Nachtragskredit 1585,1773,251,34
von 1859,1782,56,15
340 1124,1812,52,24
000 1189,1812,51,24
Franken 1255,1811,128,25
bewilligt. 1398,1810,140,35
<EOS>
13. 1062,1857,40,24
<EOS>
In 1124,1856,33,24
Uttwil 1186,1856,97,25
stirbt 1307,1856,84,25
im 1415,1857,38,23
71. 1478,1857,43,24
<EOS>
Lebensjahr 1535,1856,172,34
Kunstmaler 1733,1855,183,25
<EOS>
<EOP>
Ernst 1124,1893,86,26
E. 1226,1893,32,26
<EOS>
Schlatter 1274,1893,140,26
(siehe 1429,1893,85,35
Nachruf). 1530,1893,150,34
<EOS>
21. 1060,1940,42,23
<EOS>
In 1125,1939,32,24
Weinfelden 1172,1939,173,24
wird 1358,1939,69,24
wieder 1439,1939,101,24
mit 1554,1940,51,23
schönem 1618,1939,132,24
Erfolg 1764,1938,95,34
die 1873,1938,43,25
<EOS>
<EOP>
«WEGA», 1127,1976,162,31
die 1322,1976,43,26
Weinfelder 1397,1976,168,26
Gewerbeausstellung, 1600,1975,315,35
durchgeführt. 1125,2014,211,34
<EOS>
26. 1061,2059,43,25
<EOS>
Die 1126,2059,51,25
Frauen 1194,2059,109,25
der 1319,2059,48,25
evangelischen 1383,2059,212,34
Kirchgemeinde 1612,2059,233,34
Ro- 1863,2058,52,26
<EOS>
<EOP>
manshorn-Salmsach 1125,2096,313,26
haben 1455,2096,93,26
mit 1565,2098,52,24
521 1636,2097,50,25
Ja 1708,2096,34,28
gegen 1761,2106,86,24
470 1864,2097,52,25
Nein 1126,2134,71,25
für 1221,2134,44,25
die 1289,2134,43,25
Einführung 1356,2134,179,34
des 1559,2134,47,25
vollen 1629,2134,92,25
kirchlichen 1746,2134,170,25
Frauenstimm- 1127,2172,218,25
und 1361,2172,58,25
Wahlrechtes 1437,2172,190,25
gestimmt. 1645,2173,152,33
<EOS>
<EOP>
56 1022,2747,32,23
<EOS>
<EOP>
