2116,2962
'Ai' 693,1204,29,13
.' 728,1208,7,9
<EOS>
<EOP>
*-'' 740,1204,11,8
<EOS>
<EOP>
j 754,1212,5,11
<EOS>
<EOP>
Diètes 407,2852,60,15
Blatt 478,2852,50,15
wurde 540,2852,59,15
geschaffen 611,2852,99,21
von 721,2858,37,11
J. 770,2852,18,17
<EOS>
Schedler 796,2852,81,17
für 888,2852,29,16
die 929,2852,28,17
Leser 969,2852,51,17
des 1031,2853,31,16
Jahrbuches 1074,2852,110,17
im 1196,2853,25,16
Auftrage 1233,2853,84,21
der 1329,2853,31,16
Thurgauischen 1371,2852,142,22
Kantonalbank 1525,2852,139,16
<EOS>
<EOP>
